object={
	name="reeds_01_generator_1_0"
	clamp_to_water_level=no
	render_under_water=no
	generated_content=yes
	layer="grass_layer"
	pdxmesh="reeds_06_grass_mesh"
	count=57
	transform="522.372314 0.000000 2620.911377 0.000000 0.763986 0.000000 0.645232 0.908953 0.908953 0.908953
528.432190 0.000000 2616.479980 0.000000 0.962683 0.000000 -0.270630 1.068417 1.068417 1.068417
522.712280 0.000000 2615.103271 0.000000 0.678990 0.000000 -0.734148 1.133782 1.133782 1.133782
523.648926 0.000000 2616.608643 0.000000 0.054674 0.000000 -0.998504 1.420135 1.420135 1.420135
533.437927 0.000000 2622.695801 0.000000 0.020088 0.000000 0.999798 0.535430 0.535430 0.535430
525.974854 0.000000 2617.738525 0.000000 0.656936 0.000000 0.753947 0.456295 0.456295 0.456295
522.590149 0.000000 2619.701416 0.000000 0.856241 0.000000 0.516577 0.909198 0.909198 0.909198
529.575439 0.000000 2616.160156 0.000000 0.958938 0.000000 -0.283615 1.071791 1.071791 1.071791
528.248596 0.000000 2623.020508 0.000000 0.911754 0.000000 0.410737 0.874253 0.874253 0.874253
538.745178 0.000000 2622.728027 0.000000 0.966806 0.000000 -0.255512 1.049669 1.049669 1.049669
527.642883 0.000000 2617.069336 0.000000 0.315936 0.000000 0.948780 0.204637 0.204637 0.204637
529.696106 0.000000 2619.967041 0.000000 0.999975 0.000000 0.007032 0.998420 0.998420 0.998420
524.209534 0.000000 2618.447510 0.000000 0.663862 0.000000 0.747855 0.544424 0.544424 0.544424
534.198486 0.000000 2623.012207 0.000000 0.768223 0.000000 0.640182 0.713818 0.713818 0.713818
527.471313 0.000000 2622.754883 0.000000 0.951819 0.000000 0.306660 0.863049 0.863049 0.863049
526.038208 0.000000 2622.306885 0.000000 0.760521 0.000000 0.649314 0.689489 0.689489 0.689489
535.647766 0.000000 2622.814209 0.000000 0.669284 0.000000 -0.743007 1.345013 1.345013 1.345013
537.078186 0.000000 2640.087158 0.000000 0.989607 0.000000 -0.143798 1.035665 1.035665 1.035665
525.112732 0.000000 2627.255859 0.000000 0.178765 0.000000 0.983892 0.874977 0.874977 0.874977
537.431091 0.000000 2641.983398 0.000000 0.554716 0.000000 -0.832039 1.242901 1.242901 1.242901
525.642761 0.000000 2623.890137 0.000000 0.920001 0.000000 -0.391917 1.104561 1.104561 1.104561
535.615723 0.000000 2628.170654 0.000000 0.844303 0.000000 -0.535865 1.074830 1.074830 1.074830
533.004150 0.000000 2626.527588 0.000000 0.846735 0.000000 -0.532015 1.098036 1.098036 1.098036
538.374023 0.000000 2628.182617 0.000000 0.307761 0.000000 -0.951464 1.552737 1.552737 1.552737
533.275818 0.000000 2624.683838 0.000000 0.916052 0.000000 -0.401060 1.135994 1.135994 1.135994
537.739624 0.000000 2634.373535 0.000000 0.470565 0.000000 -0.882366 1.593655 1.593655 1.593655
539.310486 0.000000 2629.134521 0.000000 0.677123 0.000000 -0.735869 1.363356 1.363356 1.363356
531.166199 0.000000 2624.645020 0.000000 0.556043 0.000000 -0.831154 1.387031 1.387031 1.387031
528.396667 0.000000 2626.810059 0.000000 0.911022 0.000000 0.412358 0.834463 0.834463 0.834463
538.513000 0.000000 2623.782471 0.000000 0.916970 0.000000 -0.398956 1.078889 1.078889 1.078889
538.937622 0.000000 2634.103760 0.000000 0.957432 0.000000 0.288658 0.905694 0.905694 0.905694
536.476685 0.000000 2623.984131 0.000000 0.926667 0.000000 -0.375884 1.152965 1.152965 1.152965
533.687256 0.000000 2625.771973 0.000000 0.572210 0.000000 -0.820107 1.316889 1.316889 1.316889
539.777832 0.000000 2638.079590 0.000000 0.593331 0.000000 -0.804959 1.595625 1.595625 1.595625
535.694397 0.000000 2625.653564 0.000000 0.680341 0.000000 0.732896 0.595444 0.595444 0.595444
530.237793 0.000000 2624.263184 0.000000 0.007851 0.000000 0.999969 0.383489 0.383489 0.383489
526.525513 0.000000 2624.343750 0.000000 0.679359 0.000000 -0.733806 1.339393 1.339393 1.339393
534.352722 0.000000 2637.295166 0.000000 0.869475 0.000000 -0.493976 1.278610 1.278610 1.278610
533.060730 0.000000 2632.966064 0.000000 0.073783 0.000000 -0.997274 1.627849 1.627849 1.627849
534.252380 0.000000 2636.226562 0.000000 0.290882 0.000000 0.956759 0.312101 0.312101 0.312101
538.868652 0.000000 2637.304688 0.000000 0.578499 0.000000 -0.815683 1.607277 1.607277 1.607277
537.931885 0.000000 2640.512695 0.000000 0.991740 0.000000 -0.128264 1.031789 1.031789 1.031789
526.424438 0.000000 2623.426025 0.000000 0.900832 0.000000 0.434168 0.802662 0.802662 0.802662
536.706543 0.000000 2626.763184 0.000000 0.435217 0.000000 -0.900326 1.651800 1.651800 1.651800
535.160217 0.000000 2638.972656 0.000000 0.570275 0.000000 -0.821454 1.348951 1.348951 1.348951
539.411499 0.000000 2639.974121 0.000000 0.700349 0.000000 -0.713801 1.506056 1.506056 1.506056
536.812805 0.000000 2639.241943 0.000000 0.183359 0.000000 -0.983046 1.882606 1.882606 1.882606
532.901001 0.000000 2631.215820 0.000000 0.335882 0.000000 -0.941904 1.493690 1.493690 1.493690
537.739014 0.000000 2639.567139 0.000000 0.661044 0.000000 0.750348 0.459772 0.459772 0.459772
551.289185 0.000000 2631.981445 0.000000 0.766012 0.000000 -0.642827 1.034861 1.034861 1.034861
541.987732 0.000000 2630.880371 0.000000 0.038259 0.000000 0.999268 0.655657 0.655657 0.655657
548.091614 0.000000 2629.094238 0.000000 0.854944 0.000000 0.518721 0.886995 0.886995 0.886995
541.009033 0.000000 2627.716797 0.000000 0.776544 0.000000 0.630063 0.574566 0.574566 0.574566
542.475891 0.000000 2628.639648 0.000000 0.281931 0.000000 0.959435 0.181950 0.181950 0.181950
543.814819 0.000000 2633.967773 0.000000 0.207443 0.000000 -0.978247 1.560982 1.560982 1.560982
544.620728 0.000000 2632.534912 0.000000 0.920126 0.000000 -0.391623 1.165759 1.165759 1.165759
544.182617 0.000000 2628.242188 0.000000 0.174733 0.000000 0.984616 0.132711 0.132711 0.132711
"}
object={
	name="reeds_01_generator_1_1"
	clamp_to_water_level=no
	render_under_water=no
	generated_content=yes
	layer="grass_layer"
	pdxmesh="reeds_07_grass_mesh"
	count=51
	transform="533.253296 0.000000 2619.884766 0.000000 0.160334 0.000000 -0.987063 1.021117 1.021117 1.021117
528.332764 0.000000 2618.262207 0.000000 0.967644 0.000000 0.252320 0.942687 0.942687 0.942687
522.312561 0.000000 2618.501465 0.000000 0.083305 0.000000 0.996524 0.751205 0.751205 0.751205
523.813599 0.000000 2621.153076 0.000000 0.188246 0.000000 0.982122 0.820663 0.820663 0.820663
525.272034 0.000000 2619.812256 0.000000 0.055305 0.000000 0.998470 0.182780 0.182780 0.182780
526.552429 0.000000 2621.605713 0.000000 0.047653 0.000000 0.998864 0.250896 0.250896 0.250896
531.400879 0.000000 2622.373291 0.000000 0.759898 0.000000 -0.650042 1.144866 1.144866 1.144866
522.572998 0.000000 2617.498535 0.000000 0.930073 0.000000 0.367376 0.895753 0.895753 0.895753
528.547363 0.000000 2621.348389 0.000000 0.959068 0.000000 -0.283176 1.079561 1.079561 1.079561
529.770020 0.000000 2621.761230 0.000000 0.844925 0.000000 -0.534884 1.156397 1.156397 1.156397
533.176270 0.000000 2639.065430 0.000000 0.143751 0.000000 -0.989614 1.081913 1.081913 1.081913
539.412964 0.000000 2633.135010 0.000000 0.861029 0.000000 0.508556 0.953383 0.953383 0.953383
532.098633 0.000000 2637.842773 0.000000 0.658336 0.000000 -0.752724 1.110632 1.110632 1.110632
534.001282 0.000000 2628.859131 0.000000 0.453817 0.000000 0.891095 0.854484 0.854484 0.854484
536.754395 0.000000 2629.184326 0.000000 0.957600 0.000000 -0.288102 1.087552 1.087552 1.087552
537.437256 0.000000 2638.665527 0.000000 0.984547 0.000000 -0.175120 1.112063 1.112063 1.112063
536.026428 0.000000 2638.978027 0.000000 0.992194 0.000000 0.124706 0.920402 0.920402 0.920402
532.191711 0.000000 2623.941895 0.000000 0.425373 0.000000 -0.905018 1.338958 1.338958 1.338958
527.804016 0.000000 2624.716553 0.000000 0.921416 0.000000 0.388577 0.835604 0.835604 0.835604
533.385010 0.000000 2635.854248 0.000000 0.696795 0.000000 0.717270 0.794316 0.794316 0.794316
537.717163 0.000000 2624.720703 0.000000 0.791344 0.000000 0.611371 0.581237 0.581237 0.581237
529.534363 0.000000 2626.353516 0.000000 0.929589 0.000000 0.368598 0.852978 0.852978 0.852978
529.505310 0.000000 2624.929199 0.000000 0.990200 0.000000 -0.139657 1.057717 1.057717 1.057717
537.057373 0.000000 2636.892822 0.000000 0.574722 0.000000 0.818348 0.389780 0.389780 0.389780
534.275696 0.000000 2639.254639 0.000000 0.765990 0.000000 0.642852 0.747246 0.747246 0.747246
536.978333 0.000000 2641.102783 0.000000 0.853403 0.000000 0.521252 0.864479 0.864479 0.864479
532.835388 0.000000 2633.917480 0.000000 0.303049 0.000000 -0.952975 1.529688 1.529688 1.529688
532.427795 0.000000 2635.823730 0.000000 0.461626 0.000000 0.887075 0.719463 0.719463 0.719463
537.802490 0.000000 2635.783691 0.000000 0.171183 0.000000 -0.985239 1.768259 1.768259 1.768259
530.543945 0.000000 2631.763916 0.000000 0.750304 0.000000 -0.661093 1.297527 1.297527 1.297527
531.071045 0.000000 2633.636230 0.000000 0.644171 0.000000 -0.764881 1.326120 1.326120 1.326120
539.583435 0.000000 2626.914062 0.000000 0.062666 0.000000 0.998035 0.235701 0.235701 0.235701
536.503967 0.000000 2628.320557 0.000000 0.990151 0.000000 0.140005 0.957918 0.957918 0.957918
534.542847 0.000000 2633.264160 0.000000 0.969044 0.000000 0.246889 0.914052 0.914052 0.914052
535.228271 0.000000 2635.715088 0.000000 0.988192 0.000000 -0.153221 1.065286 1.065286 1.065286
535.709290 0.000000 2638.214355 0.000000 0.956246 0.000000 -0.292563 1.107480 1.107480 1.107480
535.315002 0.000000 2633.028076 0.000000 0.327091 0.000000 0.944993 0.573627 0.573627 0.573627
543.608398 0.000000 2623.962158 0.000000 0.181815 0.000000 0.983333 0.961884 0.961884 0.961884
546.835876 0.000000 2637.829102 0.000000 0.988779 0.000000 -0.149385 1.005241 1.005241 1.005241
545.237244 0.000000 2627.053223 0.000000 0.994095 0.000000 0.108510 0.949242 0.949242 0.949242
541.081238 0.000000 2631.713379 0.000000 0.463010 0.000000 0.886353 0.755222 0.755222 0.755222
543.227234 0.000000 2625.441650 0.000000 0.084013 0.000000 0.996465 0.732766 0.732766 0.732766
545.800476 0.000000 2629.150391 0.000000 0.999238 0.000000 -0.039035 1.024272 1.024272 1.024272
546.155029 0.000000 2625.278076 0.000000 0.924842 0.000000 0.380351 0.839275 0.839275 0.839275
548.706360 0.000000 2626.705811 0.000000 0.781208 0.000000 0.624270 0.863664 0.863664 0.863664
544.968872 0.000000 2633.326416 0.000000 0.853295 0.000000 0.521429 0.774046 0.774046 0.774046
543.031006 0.000000 2627.521973 0.000000 0.321882 0.000000 0.946780 0.264492 0.264492 0.264492
545.199707 0.000000 2635.703613 0.000000 0.438641 0.000000 0.898662 0.565084 0.565084 0.565084
546.336792 0.000000 2624.331299 0.000000 0.962611 0.000000 0.270889 0.887001 0.887001 0.887001
549.762878 0.000000 2630.435303 0.000000 0.171765 0.000000 -0.985138 1.328117 1.328117 1.328117
547.087036 0.000000 2630.129883 0.000000 0.322207 0.000000 0.946669 0.441541 0.441541 0.441541
"}
object={
	name="reeds_01_generator_1_2"
	clamp_to_water_level=no
	render_under_water=no
	generated_content=yes
	layer="grass_layer"
	pdxmesh="reeds_01_tall_grass_mesh"
	count=122
	transform="523.866882 0.000000 2622.817383 0.000000 0.530252 0.000000 0.847840 0.972211 0.972211 0.972211
535.746155 0.000000 2618.314697 0.000000 0.648207 0.000000 -0.761464 1.025931 1.025931 1.025931
525.965149 0.000000 2611.058594 0.000000 0.399305 0.000000 -0.916818 1.075298 1.075298 1.075298
532.376282 0.000000 2621.771240 0.000000 0.085038 0.000000 -0.996378 1.174324 1.174324 1.174324
524.741455 0.000000 2617.579346 0.000000 0.945043 0.000000 -0.326946 1.212039 1.212039 1.212039
523.611694 0.000000 2613.779785 0.000000 0.999724 0.000000 0.023499 0.998475 0.998475 0.998475
529.896423 0.000000 2618.619873 0.000000 0.994496 0.000000 -0.104770 1.023584 1.023584 1.023584
528.250854 0.000000 2613.444824 0.000000 0.489670 0.000000 -0.871908 1.113694 1.113694 1.113694
525.226440 0.000000 2622.459961 0.000000 0.342174 0.000000 -0.939636 1.317169 1.317169 1.317169
523.520325 0.000000 2617.988037 0.000000 0.818287 0.000000 0.574810 0.830301 0.830301 0.830301
528.911682 0.000000 2619.419922 0.000000 0.797767 0.000000 0.602966 0.854578 0.854578 0.854578
527.530823 0.000000 2619.239014 0.000000 0.086576 0.000000 -0.996245 1.785493 1.785493 1.785493
535.400391 0.000000 2621.274902 0.000000 0.969992 0.000000 0.243136 0.951561 0.951561 0.951561
527.185486 0.000000 2617.948730 0.000000 0.256180 0.000000 0.966629 0.164928 0.164928 0.164928
529.234619 0.000000 2617.409180 0.000000 0.709010 0.000000 -0.705199 1.195406 1.195406 1.195406
525.002197 0.000000 2618.691895 0.000000 0.983818 0.000000 -0.179171 1.097143 1.097143 1.097143
525.407288 0.000000 2616.630859 0.000000 0.892550 0.000000 0.450948 0.702172 0.702172 0.702172
530.095581 0.000000 2622.756836 0.000000 0.288880 0.000000 0.957365 0.738425 0.738425 0.738425
532.327515 0.000000 2622.876953 0.000000 0.229800 0.000000 -0.973238 1.401123 1.401123 1.401123
524.626892 0.000000 2620.582031 0.000000 0.807552 0.000000 -0.589797 1.266148 1.266148 1.266148
527.763733 0.000000 2614.325684 0.000000 0.230410 0.000000 -0.973094 1.755094 1.755094 1.755094
524.401062 0.000000 2621.936035 0.000000 0.885589 0.000000 0.464469 0.796199 0.796199 0.796199
524.543884 0.000000 2613.756836 0.000000 0.883440 0.000000 -0.468545 1.133917 1.133917 1.133917
536.727112 0.000000 2622.978271 0.000000 0.617300 0.000000 -0.786728 1.359435 1.359435 1.359435
527.335571 0.000000 2621.022949 0.000000 0.375299 0.000000 0.926904 0.416664 0.416664 0.416664
527.300476 0.000000 2613.557861 0.000000 0.524705 0.000000 0.851284 0.699979 0.699979 0.699979
524.929565 0.000000 2623.308594 0.000000 0.796380 0.000000 0.604797 0.831360 0.831360 0.831360
524.539917 0.000000 2616.446045 0.000000 0.939501 0.000000 -0.342546 1.222578 1.222578 1.222578
526.653198 0.000000 2615.919189 0.000000 0.346659 0.000000 -0.937991 1.686537 1.686537 1.686537
545.300842 0.000000 2623.131348 0.000000 0.999311 0.000000 -0.037111 1.005097 1.005097 1.005097
544.036987 0.000000 2622.227295 0.000000 0.244132 0.000000 0.969742 0.818178 0.818178 0.818178
533.431091 0.000000 2623.402832 0.000000 0.071810 0.000000 0.997418 0.550943 0.550943 0.550943
524.090515 0.000000 2625.505615 0.000000 0.396443 0.000000 0.918059 0.776401 0.776401 0.776401
535.035767 0.000000 2639.966064 0.000000 0.279249 0.000000 -0.960219 1.466177 1.466177 1.466177
528.734680 0.000000 2633.267822 0.000000 0.378766 0.000000 0.925493 0.852412 0.852412 0.852412
534.680664 0.000000 2638.217529 0.000000 0.488575 0.000000 -0.872522 1.383843 1.383843 1.383843
539.216858 0.000000 2630.521973 0.000000 0.262088 0.000000 0.965044 0.817467 0.817467 0.817467
532.800659 0.000000 2627.915039 0.000000 0.071172 0.000000 -0.997464 1.262061 1.262061 1.262061
537.941406 0.000000 2632.920654 0.000000 0.244338 0.000000 0.969690 0.692604 0.692604 0.692604
525.493530 0.000000 2625.946045 0.000000 0.605579 0.000000 -0.795785 1.176914 1.176914 1.176914
536.003235 0.000000 2640.869873 0.000000 0.996921 0.000000 -0.078408 1.019399 1.019399 1.019399
528.274841 0.000000 2631.631836 0.000000 0.997462 0.000000 0.071197 0.989682 0.989682 0.989682
526.241211 0.000000 2627.946045 0.000000 0.805675 0.000000 0.592358 0.849637 0.849637 0.849637
538.476501 0.000000 2641.258545 0.000000 0.082463 0.000000 0.996594 0.635885 0.635885 0.635885
536.052307 0.000000 2632.641602 0.000000 0.999255 0.000000 -0.038585 1.008961 1.008961 1.008961
526.574707 0.000000 2626.526123 0.000000 0.710376 0.000000 0.703822 0.814825 0.814825 0.814825
524.599243 0.000000 2624.439941 0.000000 0.385371 0.000000 0.922762 0.774089 0.774089 0.774089
534.507812 0.000000 2623.776855 0.000000 0.140645 0.000000 -0.990060 1.588930 1.588930 1.588930
531.309631 0.000000 2632.377441 0.000000 0.943201 0.000000 -0.332224 1.126822 1.126822 1.126822
539.701904 0.000000 2626.001953 0.000000 0.628534 0.000000 0.777782 0.548376 0.548376 0.548376
527.542725 0.000000 2625.996094 0.000000 0.206537 0.000000 0.978439 0.438637 0.438637 0.438637
537.100403 0.000000 2632.265869 0.000000 0.213861 0.000000 -0.976864 1.314665 1.314665 1.314665
536.757080 0.000000 2634.696289 0.000000 0.217767 0.000000 -0.976001 1.742172 1.742172 1.742172
537.833069 0.000000 2637.728271 0.000000 0.214773 0.000000 -0.976664 1.862197 1.862197 1.862197
536.090942 0.000000 2636.418213 0.000000 0.628419 0.000000 0.777875 0.432595 0.432595 0.432595
533.699402 0.000000 2634.639893 0.000000 0.999018 0.000000 0.044313 0.988602 0.988602 0.988602
538.243530 0.000000 2625.663818 0.000000 0.724465 0.000000 -0.689312 1.368352 1.368352 1.368352
528.224548 0.000000 2623.818359 0.000000 0.976448 0.000000 0.215752 0.935394 0.935394 0.935394
537.445435 0.000000 2628.436768 0.000000 0.976851 0.000000 0.213919 0.935414 0.935414 0.935414
529.965149 0.000000 2623.384033 0.000000 0.149948 0.000000 0.988694 0.578050 0.578050 0.578050
537.939026 0.000000 2627.179932 0.000000 0.886990 0.000000 0.461789 0.720779 0.720779 0.720779
528.601807 0.000000 2627.714844 0.000000 0.270882 0.000000 -0.962613 1.504932 1.504932 1.504932
539.475830 0.000000 2634.799316 0.000000 0.084962 0.000000 -0.996384 1.478487 1.478487 1.478487
535.265625 0.000000 2627.297119 0.000000 0.210440 0.000000 -0.977607 1.464737 1.464737 1.464737
536.197998 0.000000 2627.487549 0.000000 0.102574 0.000000 -0.994725 1.853954 1.853954 1.853954
535.325745 0.000000 2637.499268 0.000000 0.741143 0.000000 -0.671347 1.396904 1.396904 1.396904
538.281494 0.000000 2638.965332 0.000000 0.896756 0.000000 -0.442526 1.291835 1.291835 1.291835
528.679504 0.000000 2624.608643 0.000000 0.794618 0.000000 0.607109 0.731249 0.731249 0.731249
539.615234 0.000000 2624.370605 0.000000 0.995011 0.000000 -0.099766 1.048400 1.048400 1.048400
536.063721 0.000000 2634.180176 0.000000 0.512537 0.000000 0.858665 0.432822 0.432822 0.432822
538.922302 0.000000 2627.488037 0.000000 0.608062 0.000000 -0.793890 1.464826 1.464826 1.464826
536.654846 0.000000 2638.327148 0.000000 0.978186 0.000000 -0.207732 1.133217 1.133217 1.133217
534.464539 0.000000 2634.244629 0.000000 0.862999 0.000000 -0.505206 1.224778 1.224778 1.224778
533.861084 0.000000 2632.689209 0.000000 0.708489 0.000000 -0.705722 1.328591 1.328591 1.328591
532.051575 0.000000 2632.011963 0.000000 0.266612 0.000000 -0.963804 1.545632 1.545632 1.545632
536.230286 0.000000 2639.843262 0.000000 0.895011 0.000000 0.446043 0.705665 0.705665 0.705665
532.927307 0.000000 2625.463867 0.000000 0.934660 0.000000 0.355542 0.880213 0.880213 0.880213
548.684937 0.000000 2628.019531 0.000000 0.986117 0.000000 0.166052 0.965432 0.965432 0.965432
549.961121 0.000000 2626.838135 0.000000 0.612994 0.000000 0.790088 0.815787 0.815787 0.815787
549.345276 0.000000 2629.557373 0.000000 0.887745 0.000000 0.460335 0.900875 0.900875 0.900875
545.601685 0.000000 2636.619385 0.000000 0.409679 0.000000 -0.912230 1.140521 1.140521 1.140521
539.916626 0.000000 2631.779053 0.000000 0.985993 0.000000 0.166788 0.976572 0.976572 0.976572
539.949585 0.000000 2633.368896 0.000000 0.389528 0.000000 -0.921015 1.102293 1.102293 1.102293
547.243225 0.000000 2634.601318 0.000000 0.088610 0.000000 -0.996066 1.262704 1.262704 1.262704
542.885254 0.000000 2636.963867 0.000000 0.747992 0.000000 0.663708 0.885850 0.885850 0.885850
544.584961 0.000000 2634.367188 0.000000 0.701047 0.000000 -0.713115 1.309206 1.309206 1.309206
547.284302 0.000000 2625.270508 0.000000 0.512531 0.000000 0.858669 0.574613 0.574613 0.574613
542.764526 0.000000 2626.510498 0.000000 0.977525 0.000000 -0.210821 1.125682 1.125682 1.125682
544.265869 0.000000 2625.014648 0.000000 0.650686 0.000000 -0.759347 1.318614 1.318614 1.318614
545.271057 0.000000 2625.819824 0.000000 0.488403 0.000000 -0.872618 1.391857 1.391857 1.391857
549.027405 0.000000 2624.514893 0.000000 0.709505 0.000000 -0.704701 1.150327 1.150327 1.150327
544.051270 0.000000 2627.458984 0.000000 0.246368 0.000000 -0.969176 1.617119 1.617119 1.617119
549.831177 0.000000 2628.216064 0.000000 0.605815 0.000000 0.795606 0.809362 0.809362 0.809362
541.329163 0.000000 2624.592773 0.000000 0.387281 0.000000 -0.921962 1.260658 1.260658 1.260658
541.621887 0.000000 2626.440674 0.000000 0.404385 0.000000 0.914589 0.279440 0.279440 0.279440
541.528992 0.000000 2628.673340 0.000000 0.714511 0.000000 -0.699624 1.485560 1.485560 1.485560
543.597778 0.000000 2634.831055 0.000000 0.979179 0.000000 -0.202999 1.084207 1.084207 1.084207
542.480591 0.000000 2633.022949 0.000000 0.969009 0.000000 0.247025 0.897178 0.897178 0.897178
539.909058 0.000000 2629.625977 0.000000 0.694582 0.000000 0.719414 0.647186 0.647186 0.647186
540.911255 0.000000 2635.310303 0.000000 0.952613 0.000000 0.304186 0.919749 0.919749 0.919749
547.997559 0.000000 2624.525391 0.000000 0.816553 0.000000 -0.577271 1.253495 1.253495 1.253495
541.102173 0.000000 2625.566895 0.000000 0.597015 0.000000 0.802230 0.793134 0.793134 0.793134
545.775146 0.000000 2633.934082 0.000000 0.951269 0.000000 -0.308363 1.129129 1.129129 1.129129
543.847778 0.000000 2632.190674 0.000000 0.508844 0.000000 0.860859 0.572847 0.572847 0.572847
541.274353 0.000000 2629.598389 0.000000 0.868899 0.000000 -0.494989 1.324485 1.324485 1.324485
546.739746 0.000000 2632.551025 0.000000 0.830561 0.000000 -0.556928 1.243320 1.243320 1.243320
540.468689 0.000000 2634.197998 0.000000 0.931756 0.000000 -0.363085 1.096477 1.096477 1.096477
547.769104 0.000000 2626.088867 0.000000 0.979271 0.000000 -0.202555 1.095223 1.095223 1.095223
540.096436 0.000000 2635.920654 0.000000 0.996146 0.000000 0.087710 0.977198 0.977198 0.977198
543.123291 0.000000 2629.751953 0.000000 0.287558 0.000000 0.957763 0.185687 0.185687 0.185687
544.483398 0.000000 2630.809570 0.000000 0.100057 0.000000 -0.994982 1.745285 1.745285 1.745285
545.719543 0.000000 2631.904785 0.000000 0.939228 0.000000 -0.343294 1.177593 1.177593 1.177593
541.691833 0.000000 2638.401367 0.000000 0.943495 0.000000 -0.331387 1.105408 1.105408 1.105408
545.363525 0.000000 2631.057617 0.000000 0.946943 0.000000 0.321401 0.834171 0.834171 0.834171
540.020935 0.000000 2627.812256 0.000000 0.984860 0.000000 -0.173350 1.108743 1.108743 1.108743
542.848389 0.000000 2631.148438 0.000000 0.826723 0.000000 0.562609 0.810544 0.810544 0.810544
542.270264 0.000000 2634.635742 0.000000 0.207627 0.000000 -0.978208 1.560904 1.560904 1.560904
541.037720 0.000000 2638.918945 0.000000 0.210914 0.000000 -0.977505 1.423878 1.423878 1.423878
546.116455 0.000000 2627.069336 0.000000 0.001017 0.000000 -0.999999 1.732858 1.732858 1.732858
545.503723 0.000000 2627.819336 0.000000 0.833762 0.000000 0.552123 0.726933 0.726933 0.726933
540.781616 0.000000 2637.133789 0.000000 0.946021 0.000000 0.324105 0.873924 0.873924 0.873924
547.080444 0.000000 2631.035400 0.000000 0.134850 0.000000 -0.990866 1.645098 1.645098 1.645098
"}
