object={
	name="steppe_bush_01_generator_0"
	clamp_to_water_level=no
	render_under_water=no
	generated_content=yes
	layer="grass_layer"
	pdxmesh="steppe_bush_01_mesh"
	count=9
	transform="3668.201172 0.000000 2230.382568 0.000000 0.497367 0.000000 -0.867540 0.668461 0.668461 0.668461
3667.600830 0.000000 2238.227051 0.000000 0.388969 0.000000 0.921251 0.272646 0.272646 0.272646
3674.402344 0.000000 2236.772705 0.000000 0.767809 0.000000 0.640679 0.354605 0.354605 0.354605
3675.357422 0.000000 2238.321045 0.000000 0.091601 0.000000 0.995796 0.170439 0.170439 0.170439
3675.605957 0.000000 2236.471924 0.000000 0.404205 0.000000 -0.914669 0.741429 0.741429 0.741429
3675.697510 0.000000 2234.585938 0.000000 0.854560 0.000000 -0.519352 0.623724 0.623724 0.623724
3674.394531 0.000000 2234.104248 0.000000 0.995241 0.000000 -0.097449 0.522113 0.522113 0.522113
3674.047852 0.000000 2235.833984 0.000000 0.662033 0.000000 0.749475 0.308041 0.308041 0.308041
3674.768799 0.000000 2239.013916 0.000000 0.994384 0.000000 -0.105832 0.523625 0.523625 0.523625
"}
