object={
	name="tree_leaf_high_generator_3_0"
	clamp_to_water_level=no
	render_under_water=no
	generated_content=yes
	layer="tree_high_layer"
	pdxmesh="tree_leaf_01_c_mesh"
	count=152
	transform="983.581299 0.000000 1629.132568 0.000000 0.574747 0.000000 -0.818331 0.807466 0.807466 0.807466
986.972473 0.000000 1623.326294 0.000000 0.925741 0.000000 0.378157 0.789776 0.789776 0.789776
991.953979 0.000000 1627.712891 0.000000 0.611983 0.000000 0.790871 0.736050 0.736050 0.736050
988.069641 0.000000 1629.132446 0.000000 0.292146 0.000000 0.956374 0.673252 0.673252 0.673252
995.938965 0.000000 1628.670532 0.000000 0.719514 0.000000 0.694478 0.765501 0.765501 0.765501
985.804688 0.000000 1626.546509 0.000000 0.377494 0.000000 0.926012 0.744679 0.744679 0.744679
991.765320 0.000000 1631.059570 0.000000 0.229743 0.000000 -0.973251 0.889053 0.889053 0.889053
988.178711 0.000000 1631.630981 0.000000 0.390127 0.000000 0.920761 0.733401 0.733401 0.733401
974.380066 0.000000 1662.445313 0.000000 0.125414 0.000000 0.992105 0.658003 0.658003 0.658003
980.114502 0.000000 1653.684204 0.000000 0.986717 0.000000 0.162451 0.794232 0.794232 0.794232
981.158936 0.000000 1639.492676 0.000000 0.970648 0.000000 0.240505 0.791996 0.791996 0.791996
994.546143 0.000000 1633.545898 0.000000 0.504936 0.000000 -0.863157 0.815601 0.815601 0.815601
978.522888 0.000000 1658.940552 0.000000 0.970389 0.000000 0.241549 0.788745 0.788745 0.788745
972.091675 0.000000 1658.414795 0.000000 0.606947 0.000000 -0.794743 0.837977 0.837977 0.837977
980.206421 0.000000 1643.840820 0.000000 0.115261 0.000000 -0.993335 0.843598 0.843598 0.843598
982.519287 0.000000 1657.270264 0.000000 0.564924 0.000000 0.825143 0.711617 0.711617 0.711617
979.808655 0.000000 1662.296997 0.000000 0.938785 0.000000 0.344502 0.785670 0.785670 0.785670
975.277405 0.000000 1659.282837 0.000000 0.638422 0.000000 -0.769687 0.856839 0.856839 0.856839
991.910339 0.000000 1631.613647 0.000000 0.969514 0.000000 -0.245035 0.816464 0.816464 0.816464
983.070801 0.000000 1654.277710 0.000000 0.127957 0.000000 0.991780 0.701470 0.701470 0.701470
978.671021 0.000000 1656.089722 0.000000 0.750151 0.000000 -0.661267 0.851949 0.851949 0.851949
1033.421997 0.000000 1576.046143 0.000000 0.900810 0.000000 -0.434212 0.805921 0.805921 0.805921
1019.988953 0.000000 1582.891724 0.000000 0.879908 0.000000 0.475144 0.796440 0.796440 0.796440
1027.877075 0.000000 1582.198730 0.000000 0.346159 0.000000 -0.938176 0.818235 0.818235 0.818235
1034.595581 0.000000 1585.605225 0.000000 0.949618 0.000000 -0.313411 0.804775 0.804775 0.804775
1038.665771 0.000000 1576.684204 0.000000 0.742855 0.000000 0.669452 0.785058 0.785058 0.785058
1044.555298 0.000000 1574.603271 0.000000 0.350260 0.000000 0.936653 0.797093 0.797093 0.797093
1044.480713 0.000000 1589.672974 0.000000 0.040334 0.000000 0.999186 0.785328 0.785328 0.785328
1065.304199 0.000000 1589.470215 0.000000 0.562920 0.000000 -0.826512 0.808744 0.808744 0.808744
1058.956909 0.000000 1591.334106 0.000000 0.952131 0.000000 0.305690 0.795160 0.795160 0.795160
1060.008545 0.000000 1586.218262 0.000000 0.549348 0.000000 -0.835594 0.836748 0.836748 0.836748
1029.312012 0.000000 1621.462402 0.000000 0.991572 0.000000 -0.129556 0.801012 0.801012 0.801012
1076.110474 0.000000 1613.824829 0.000000 0.223330 0.000000 -0.974743 0.823381 0.823381 0.823381
1060.055298 0.000000 1607.817627 0.000000 0.470652 0.000000 0.882319 0.772802 0.772802 0.772802
1048.111450 0.000000 1613.754883 0.000000 0.407332 0.000000 -0.913280 0.835180 0.835180 0.835180
1074.657959 0.000000 1608.676392 0.000000 0.829600 0.000000 0.558358 0.787932 0.787932 0.787932
1069.414185 0.000000 1640.030518 0.000000 0.521641 0.000000 -0.853165 0.802450 0.802450 0.802450
1076.763672 0.000000 1654.523193 0.000000 0.691493 0.000000 0.722384 0.797098 0.797098 0.797098
1066.530518 0.000000 1633.545898 0.000000 0.066327 0.000000 0.997798 0.774761 0.774761 0.774761
1075.224609 0.000000 1650.289673 0.000000 0.837876 0.000000 0.545860 0.785815 0.785815 0.785815
1072.092285 0.000000 1653.509521 0.000000 0.510676 0.000000 -0.859773 0.829142 0.829142 0.829142
983.581299 0.000000 1693.116943 0.000000 0.966318 0.000000 0.257352 0.795945 0.795945 0.795945
997.429810 0.000000 1672.022705 0.000000 0.905727 0.000000 0.423862 0.795279 0.795279 0.795279
983.996765 0.000000 1678.868286 0.000000 0.540262 0.000000 0.841497 0.792210 0.792210 0.792210
979.073792 0.000000 1664.126343 0.000000 0.992409 0.000000 -0.122978 0.807535 0.807535 0.807535
988.070862 0.000000 1671.802002 0.000000 0.705848 0.000000 -0.708363 0.815093 0.815093 0.815093
991.884888 0.000000 1678.175293 0.000000 0.444745 0.000000 0.895657 0.767414 0.767414 0.767414
981.158936 0.000000 1671.484863 0.000000 0.858330 0.000000 0.513098 0.779985 0.779985 0.779985
986.972473 0.000000 1687.310669 0.000000 0.498784 0.000000 -0.866726 0.814451 0.814451 0.814451
994.546143 0.000000 1665.538086 0.000000 0.296847 0.000000 0.954925 0.743716 0.743716 0.743716
991.953979 0.000000 1691.697266 0.000000 0.923660 0.000000 -0.383212 0.822857 0.822857 0.822857
983.623352 0.000000 1666.792969 0.000000 0.834051 0.000000 0.551687 0.786344 0.786344 0.786344
976.866760 0.000000 1668.655640 0.000000 0.136356 0.000000 0.990660 0.746728 0.746728 0.746728
987.764221 0.000000 1676.115356 0.000000 0.679758 0.000000 -0.733437 0.860680 0.860680 0.860680
988.069641 0.000000 1693.116821 0.000000 0.175853 0.000000 0.984416 0.712298 0.712298 0.712298
984.244263 0.000000 1674.033325 0.000000 0.910668 0.000000 -0.413139 0.831643 0.831643 0.831643
994.325195 0.000000 1669.512695 0.000000 0.989477 0.000000 -0.144690 0.809831 0.809831 0.809831
984.746887 0.000000 1670.312256 0.000000 0.559304 0.000000 0.828963 0.696945 0.696945 0.696945
975.514648 0.000000 1664.196655 0.000000 0.999217 0.000000 -0.039565 0.803818 0.803818 0.803818
985.804688 0.000000 1690.530884 0.000000 0.371587 0.000000 -0.928398 0.859184 0.859184 0.859184
997.375427 0.000000 1667.671875 0.000000 0.622236 0.000000 0.782829 0.720261 0.720261 0.720261
988.845581 0.000000 1679.098389 0.000000 0.454719 0.000000 -0.890635 0.857933 0.857933 0.857933
988.178711 0.000000 1695.615356 0.000000 0.996064 0.000000 -0.088635 0.802712 0.802712 0.802712
1004.986267 0.000000 1699.765869 0.000000 0.999716 0.000000 0.023832 0.799657 0.799657 0.799657
991.884888 0.000000 1710.167480 0.000000 0.974572 0.000000 0.224073 0.795396 0.795396 0.795396
1002.673584 0.000000 1704.652954 0.000000 0.432675 0.000000 -0.901550 0.901634 0.901634 0.901634
999.474792 0.000000 1708.434448 0.000000 0.961797 0.000000 0.273763 0.794185 0.794185 0.794185
992.706848 0.000000 1705.144653 0.000000 0.055984 0.000000 0.998432 0.770049 0.770049 0.770049
988.069641 0.000000 1725.109009 0.000000 0.089173 0.000000 0.996016 0.736087 0.736087 0.736087
1000.398804 0.000000 1701.460815 0.000000 0.217658 0.000000 0.976025 0.723887 0.723887 0.723887
1006.188599 0.000000 1703.838867 0.000000 0.424239 0.000000 -0.905550 0.890263 0.890263 0.890263
995.851929 0.000000 1707.014893 0.000000 0.055818 0.000000 -0.998441 0.881694 0.881694 0.881694
999.927490 0.000000 1705.471313 0.000000 0.566045 0.000000 -0.824374 0.872001 0.872001 0.872001
1003.308228 0.000000 1701.996094 0.000000 0.143901 0.000000 -0.989592 0.888030 0.888030 0.888030
1004.779358 0.000000 1750.499756 0.000000 0.821892 0.000000 -0.569643 0.801816 0.801816 0.801816
993.319824 0.000000 1749.431152 0.000000 0.299498 0.000000 0.954097 0.752187 0.752187 0.752187
1004.126160 0.000000 1741.793579 0.000000 0.417934 0.000000 -0.908477 0.856675 0.856675 0.856675
1004.986267 0.000000 1731.758057 0.000000 0.535953 0.000000 0.844248 0.770489 0.770489 0.770489
988.070862 0.000000 1735.786377 0.000000 0.999999 0.000000 -0.001478 0.800042 0.800042 0.800042
1002.673584 0.000000 1736.645142 0.000000 0.919042 0.000000 0.394160 0.786891 0.786891 0.786891
1007.590881 0.000000 1745.006104 0.000000 0.782837 0.000000 -0.622227 0.820522 0.820522 0.820522
990.558044 0.000000 1731.779419 0.000000 0.649812 0.000000 -0.760095 0.832594 0.832594 0.832594
1006.540222 0.000000 1739.365112 0.000000 0.654748 0.000000 0.755847 0.757896 0.757896 0.757896
1019.573486 0.000000 1693.116943 0.000000 0.561459 0.000000 0.827504 0.762625 0.762625 0.762625
1010.372253 0.000000 1694.437500 0.000000 0.981233 0.000000 0.192826 0.798721 0.798721 0.798721
1012.119324 0.000000 1677.739258 0.000000 0.478683 0.000000 -0.877988 0.822473 0.822473 0.822473
1014.515076 0.000000 1690.932739 0.000000 0.991035 0.000000 -0.133601 0.802810 0.802810 0.802810
1060.163086 0.000000 1663.623169 0.000000 0.934246 0.000000 -0.356630 0.805681 0.805681 0.805681
1053.143311 0.000000 1671.484863 0.000000 0.456943 0.000000 0.889496 0.768472 0.768472 0.768472
1066.530518 0.000000 1665.538086 0.000000 0.904537 0.000000 0.426395 0.793666 0.793666 0.793666
1055.607666 0.000000 1666.792969 0.000000 0.422022 0.000000 -0.906586 0.823805 0.823805 0.823805
1062.542358 0.000000 1667.795044 0.000000 0.827503 0.000000 0.561461 0.784998 0.784998 0.784998
1019.573486 0.000000 1725.109131 0.000000 0.212361 0.000000 -0.977191 0.860972 0.860972 0.860972
1008.563110 0.000000 1702.572021 0.000000 0.819350 0.000000 0.573294 0.774028 0.774028 0.774028
1008.488464 0.000000 1717.641724 0.000000 0.970251 0.000000 -0.242101 0.801319 0.801319 0.801319
1010.372253 0.000000 1726.429688 0.000000 0.221528 0.000000 0.975154 0.783853 0.783853 0.783853
1015.065979 0.000000 1696.118530 0.000000 0.990079 0.000000 -0.140513 0.801520 0.801520 0.801520
1016.106689 0.000000 1717.668579 0.000000 0.025236 0.000000 -0.999682 0.838894 0.838894 0.838894
1014.515076 0.000000 1722.924927 0.000000 0.451930 0.000000 -0.892053 0.885827 0.885827 0.885827
1012.252869 0.000000 1714.827026 0.000000 0.469923 0.000000 -0.882707 0.828515 0.828515 0.828515
1015.800842 0.000000 1726.281372 0.000000 0.133669 0.000000 -0.991026 0.931709 0.931709 0.931709
1014.663208 0.000000 1720.074097 0.000000 0.984567 0.000000 -0.175007 0.812859 0.812859 0.812859
1017.194214 0.000000 1723.765137 0.000000 0.034378 0.000000 -0.999409 0.892978 0.892978 0.892978
1019.573486 0.000000 1757.101318 0.000000 0.945226 0.000000 -0.326417 0.806176 0.806176 0.806176
1033.421997 0.000000 1736.007080 0.000000 0.844140 0.000000 -0.536123 0.829157 0.829157 0.829157
1008.563110 0.000000 1734.564209 0.000000 0.077447 0.000000 0.996996 0.778527 0.778527 0.778527
1040.771484 0.000000 1750.499756 0.000000 0.177785 0.000000 -0.984069 0.868395 0.868395 0.868395
1008.488464 0.000000 1749.633911 0.000000 0.139949 0.000000 0.990159 0.775146 0.775146 0.775146
1015.065979 0.000000 1728.110718 0.000000 0.614957 0.000000 -0.788561 0.858787 0.858787 0.858787
1040.118286 0.000000 1741.793579 0.000000 0.843392 0.000000 -0.537298 0.835006 0.835006 0.835006
1024.063110 0.000000 1735.786377 0.000000 0.998143 0.000000 0.060922 0.793718 0.793718 0.793718
1016.106689 0.000000 1749.660767 0.000000 0.530478 0.000000 -0.847699 0.810304 0.810304 0.810304
1027.877075 0.000000 1742.159668 0.000000 0.339147 0.000000 -0.940733 0.865313 0.865313 0.865313
1017.151123 0.000000 1735.469238 0.000000 0.837709 0.000000 0.546117 0.775423 0.775423 0.775423
1027.946167 0.000000 1755.681641 0.000000 0.974437 0.000000 0.224662 0.794026 0.794026 0.794026
1040.976685 0.000000 1756.944458 0.000000 0.837707 0.000000 -0.546119 0.810039 0.810039 0.810039
1034.326538 0.000000 1753.318359 0.000000 0.971975 0.000000 -0.235085 0.803555 0.803555 0.803555
1019.615540 0.000000 1730.777344 0.000000 0.503647 0.000000 -0.863910 0.893739 0.893739 0.893739
1038.665771 0.000000 1736.645142 0.000000 0.897489 0.000000 0.441036 0.790695 0.790695 0.790695
1035.466919 0.000000 1740.426636 0.000000 0.421853 0.000000 0.906664 0.756464 0.756464 0.756464
1043.583008 0.000000 1745.006104 0.000000 0.557274 0.000000 -0.830329 0.845200 0.845200 0.845200
1028.698975 0.000000 1737.136841 0.000000 0.983243 0.000000 0.182302 0.783084 0.783084 0.783084
1012.252869 0.000000 1746.819214 0.000000 0.178575 0.000000 0.983926 0.754152 0.754152 0.754152
1008.083862 0.000000 1754.391357 0.000000 0.312354 0.000000 -0.949966 0.839794 0.839794 0.839794
1007.818604 0.000000 1739.237183 0.000000 0.703913 0.000000 -0.710287 0.838810 0.838810 0.838810
1026.550171 0.000000 1731.779419 0.000000 0.988076 0.000000 0.153970 0.796017 0.796017 0.796017
1023.756409 0.000000 1740.099731 0.000000 0.972646 0.000000 0.232294 0.790589 0.790589 0.790589
1007.807922 0.000000 1745.447144 0.000000 0.010345 0.000000 -0.999946 0.847684 0.847684 0.847684
1024.061768 0.000000 1757.101196 0.000000 0.942119 0.000000 -0.335280 0.819666 0.819666 0.819666
1011.901611 0.000000 1751.698730 0.000000 0.520732 0.000000 0.853720 0.747895 0.747895 0.747895
1020.236450 0.000000 1738.017700 0.000000 0.656207 0.000000 0.754581 0.752868 0.752868 0.752868
1020.739075 0.000000 1734.296631 0.000000 0.948980 0.000000 0.315336 0.769629 0.769629 0.769629
1042.218140 0.000000 1753.597778 0.000000 0.929120 0.000000 0.369778 0.773901 0.773901 0.773901
1023.254272 0.000000 1730.957520 0.000000 0.999960 0.000000 0.008982 0.799467 0.799467 0.799467
1031.844116 0.000000 1739.007080 0.000000 0.975243 0.000000 0.221134 0.785972 0.785972 0.785972
1016.583374 0.000000 1732.238159 0.000000 0.782848 0.000000 0.622213 0.758957 0.758957 0.758957
1026.896729 0.000000 1734.770386 0.000000 0.966460 0.000000 -0.256816 0.824432 0.824432 0.824432
1026.796753 0.000000 1739.311401 0.000000 0.990474 0.000000 -0.137697 0.812994 0.812994 0.812994
1018.004639 0.000000 1728.151123 0.000000 0.997414 0.000000 0.071875 0.793190 0.793190 0.793190
1029.350342 0.000000 1739.673218 0.000000 0.227023 0.000000 0.973889 0.688250 0.688250 0.688250
1044.480713 0.000000 1749.633911 0.000000 0.513821 0.000000 0.857897 0.728330 0.728330 0.728330
1048.111450 0.000000 1741.723633 0.000000 0.775909 0.000000 -0.630845 0.830676 0.830676 0.830676
1044.076050 0.000000 1754.391357 0.000000 0.252743 0.000000 0.967533 0.743258 0.743258 0.743258
1043.810791 0.000000 1739.237183 0.000000 0.994064 0.000000 -0.108798 0.803397 0.803397 0.803397
1043.800049 0.000000 1745.447144 0.000000 0.933673 0.000000 0.358127 0.783102 0.783102 0.783102
1047.893799 0.000000 1751.698730 0.000000 0.844883 0.000000 -0.534952 0.834835 0.834835 0.834835
1044.752197 0.000000 1742.229370 0.000000 0.715604 0.000000 0.698506 0.743935 0.743935 0.743935
1046.715332 0.000000 1744.380859 0.000000 0.073070 0.000000 -0.997327 0.891530 0.891530 0.891530
1024.170898 0.000000 1759.599731 0.000000 0.998192 0.000000 0.060098 0.797009 0.797009 0.797009
1019.615540 0.000000 1762.769531 0.000000 0.991237 0.000000 -0.132094 0.802619 0.802619 0.802619
1023.254272 0.000000 1762.949707 0.000000 0.188680 0.000000 0.982039 0.739597 0.739597 0.739597
1020.888062 0.000000 1759.712036 0.000000 0.988357 0.000000 0.152152 0.792038 0.792038 0.792038
"}
