object={
	name="tree_leaf_high_generator_2_0"
	clamp_to_water_level=no
	render_under_water=no
	generated_content=yes
	layer="tree_high_layer"
	pdxmesh="tree_leaf_01_b_mesh"
	count=127
	transform="998.946655 0.000000 1631.577271 0.000000 0.366710 0.000000 0.930335 0.396419 0.396419 0.396419
990.101685 0.000000 1624.750977 0.000000 0.195766 0.000000 -0.980651 0.440470 0.440470 0.440470
988.312805 0.000000 1626.666504 0.000000 0.874299 0.000000 -0.485388 0.438717 0.438717 0.438717
993.395264 0.000000 1629.316895 0.000000 0.971470 0.000000 0.237164 0.385055 0.385055 0.385055
998.946655 0.000000 1663.569458 0.000000 0.735986 0.000000 -0.676997 0.402971 0.402971 0.402971
975.909424 0.000000 1655.722168 0.000000 0.982964 0.000000 0.183799 0.396123 0.396123 0.396123
984.746887 0.000000 1638.320068 0.000000 0.966659 0.000000 -0.256067 0.405560 0.405560 0.405560
985.804688 0.000000 1658.538696 0.000000 0.992834 0.000000 0.119501 0.396651 0.396651 0.396651
977.137512 0.000000 1661.343628 0.000000 0.990275 0.000000 0.139122 0.393658 0.393658 0.393658
981.202026 0.000000 1659.780762 0.000000 0.065948 0.000000 0.997823 0.333880 0.333880 0.333880
980.944641 0.000000 1655.748291 0.000000 0.001107 0.000000 -0.999999 0.502673 0.502673 0.502673
1019.718811 0.000000 1587.288452 0.000000 0.917845 0.000000 0.396940 0.394090 0.394090 0.394090
1036.100098 0.000000 1589.525146 0.000000 0.237029 0.000000 0.971503 0.378061 0.378061 0.378061
1055.710938 0.000000 1587.288452 0.000000 0.962338 0.000000 -0.271855 0.405636 0.405636 0.405636
1051.882568 0.000000 1584.380859 0.000000 0.489361 0.000000 0.872081 0.382014 0.382014 0.382014
1061.808960 0.000000 1589.234375 0.000000 0.491578 0.000000 0.870834 0.369392 0.369392 0.369392
1030.617310 0.000000 1625.014893 0.000000 0.996105 0.000000 -0.088172 0.402160 0.402160 0.402160
1070.587769 0.000000 1649.589600 0.000000 0.897253 0.000000 0.441518 0.396118 0.396118 0.396118
1066.309570 0.000000 1637.520508 0.000000 0.998174 0.000000 -0.060408 0.401569 0.401569 0.401569
995.938965 0.000000 1692.654907 0.000000 0.996845 0.000000 0.079372 0.398572 0.398572 0.398572
990.101685 0.000000 1688.735352 0.000000 0.054089 0.000000 0.998536 0.365165 0.365165 0.365165
991.765320 0.000000 1695.043945 0.000000 0.108445 0.000000 -0.994102 0.450374 0.450374 0.450374
980.591187 0.000000 1668.253784 0.000000 0.993269 0.000000 0.115834 0.396000 0.396000 0.396000
997.073975 0.000000 1664.139893 0.000000 0.343757 0.000000 0.939059 0.352490 0.352490 0.352490
978.313538 0.000000 1666.525269 0.000000 0.336894 0.000000 -0.941543 0.471078 0.471078 0.471078
988.312805 0.000000 1690.650879 0.000000 0.114785 0.000000 0.993390 0.314956 0.314956 0.314956
986.779907 0.000000 1673.871704 0.000000 0.140331 0.000000 0.990105 0.314318 0.314318 0.314318
975.911072 0.000000 1666.472778 0.000000 0.925939 0.000000 -0.377674 0.418757 0.418757 0.418757
997.935852 0.000000 1669.831177 0.000000 0.982436 0.000000 -0.186599 0.413871 0.413871 0.413871
990.270752 0.000000 1693.137939 0.000000 0.831927 0.000000 -0.554885 0.432895 0.432895 0.432895
1004.126160 0.000000 1709.801392 0.000000 0.858036 0.000000 -0.513589 0.402962 0.402962 0.402962
994.546143 0.000000 1697.530273 0.000000 0.893549 0.000000 0.448966 0.396280 0.396280 0.396280
991.953979 0.000000 1723.689453 0.000000 0.890941 0.000000 0.454119 0.395528 0.395528 0.395528
991.765320 0.000000 1727.036133 0.000000 0.793414 0.000000 0.608682 0.376801 0.376801 0.376801
991.910339 0.000000 1695.598022 0.000000 0.965122 0.000000 -0.261801 0.409126 0.409126 0.409126
1002.369995 0.000000 1707.478394 0.000000 0.508105 0.000000 -0.861295 0.435755 0.435755 0.435755
1007.673950 0.000000 1700.098389 0.000000 0.773455 0.000000 0.633851 0.372234 0.372234 0.372234
1004.704468 0.000000 1705.858154 0.000000 0.147337 0.000000 -0.989086 0.498046 0.498046 0.498046
998.334351 0.000000 1753.318359 0.000000 0.210544 0.000000 -0.977584 0.410854 0.410854 0.410854
1000.398804 0.000000 1733.453003 0.000000 0.846440 0.000000 0.532484 0.388224 0.388224 0.388224
994.625061 0.000000 1752.983643 0.000000 0.573298 0.000000 0.819347 0.372670 0.372670 0.372670
1006.188599 0.000000 1735.831055 0.000000 0.982536 0.000000 0.186074 0.394767 0.394767 0.394767
987.262085 0.000000 1730.957520 0.000000 0.259659 0.000000 0.965700 0.359504 0.359504 0.359504
996.597290 0.000000 1748.309082 0.000000 0.957363 0.000000 0.288888 0.390635 0.390635 0.390635
991.910339 0.000000 1727.590210 0.000000 0.525289 0.000000 -0.850924 0.436080 0.436080 0.436080
1003.308228 0.000000 1733.988281 0.000000 0.023331 0.000000 -0.999728 0.463358 0.463358 0.463358
1015.800842 0.000000 1694.289185 0.000000 0.220334 0.000000 -0.975425 0.430976 0.430976 0.430976
1060.055298 0.000000 1671.802002 0.000000 0.447002 0.000000 0.894533 0.392812 0.392812 0.392812
1052.575562 0.000000 1668.253784 0.000000 0.921835 0.000000 0.387583 0.390064 0.390064 0.390064
1024.170898 0.000000 1695.615356 0.000000 0.093321 0.000000 0.995636 0.395574 0.395574 0.395574
1007.818604 0.000000 1707.244995 0.000000 0.206752 0.000000 -0.978393 0.423812 0.423812 0.423812
1011.901611 0.000000 1719.706543 0.000000 0.841501 0.000000 -0.540255 0.412539 0.412539 0.412539
1020.888062 0.000000 1695.727661 0.000000 0.993202 0.000000 0.116403 0.396971 0.396971 0.396971
1013.129700 0.000000 1725.328003 0.000000 0.376542 0.000000 -0.926399 0.451465 0.451465 0.451465
1013.443420 0.000000 1717.477905 0.000000 0.285778 0.000000 0.958296 0.350111 0.350111 0.350111
1019.988953 0.000000 1742.852661 0.000000 0.810974 0.000000 -0.585082 0.401248 0.401248 0.401248
1027.743408 0.000000 1745.881836 0.000000 0.825701 0.000000 0.564108 0.387431 0.387431 0.387431
1042.532349 0.000000 1739.365112 0.000000 0.949248 0.000000 0.314529 0.391693 0.391693 0.391693
1037.868896 0.000000 1752.586426 0.000000 0.636534 0.000000 -0.771249 0.427267 0.427267 0.427267
1020.888062 0.000000 1727.719849 0.000000 0.949715 0.000000 -0.313115 0.408746 0.408746 0.408746
1011.269592 0.000000 1755.259399 0.000000 0.864210 0.000000 0.503132 0.385258 0.385258 0.385258
1024.837769 0.000000 1743.082764 0.000000 0.772202 0.000000 -0.635377 0.420970 0.420970 0.420970
1042.277100 0.000000 1747.850952 0.000000 0.727237 0.000000 0.686387 0.377336 0.377336 0.377336
1035.919678 0.000000 1737.463501 0.000000 0.484846 0.000000 -0.874599 0.431894 0.431894 0.431894
1038.362183 0.000000 1739.470581 0.000000 0.067266 0.000000 0.997735 0.345199 0.345199 0.345199
1021.802185 0.000000 1758.560547 0.000000 0.429504 0.000000 -0.903065 0.448950 0.448950 0.448950
1013.443420 0.000000 1749.470093 0.000000 0.930349 0.000000 0.366674 0.382379 0.382379 0.382379
1039.636719 0.000000 1754.525513 0.000000 0.236183 0.000000 -0.971709 0.453886 0.453886 0.453886
1023.083130 0.000000 1733.461670 0.000000 0.997836 0.000000 -0.065752 0.404632 0.404632 0.404632
1024.304932 0.000000 1754.635254 0.000000 0.929071 0.000000 0.369903 0.384486 0.384486 0.384486
1030.913208 0.000000 1736.160889 0.000000 0.041552 0.000000 -0.999136 0.496972 0.496972 0.496972
1042.655151 0.000000 1742.454956 0.000000 0.320175 0.000000 -0.947359 0.463401 0.463401 0.463401
1018.755554 0.000000 1733.029541 0.000000 0.980377 0.000000 0.197130 0.385832 0.385832 0.385832
1043.027832 0.000000 1751.472412 0.000000 0.791401 0.000000 0.611297 0.363548 0.363548 0.363548
1025.228760 0.000000 1733.551025 0.000000 0.143010 0.000000 -0.989721 0.499060 0.499060 0.499060
1048.245117 0.000000 1746.819214 0.000000 0.262302 0.000000 0.964986 0.379143 0.379143 0.379143
1051.882568 0.000000 1744.341797 0.000000 0.991747 0.000000 -0.128207 0.402568 0.402568 0.402568
1047.261719 0.000000 1755.259399 0.000000 0.522592 0.000000 0.852583 0.374003 0.374003 0.374003
1045.702148 0.000000 1747.167114 0.000000 0.802692 0.000000 -0.596394 0.431587 0.431587 0.431587
1045.476074 0.000000 1752.273193 0.000000 0.986841 0.000000 -0.161693 0.411110 0.411110 0.411110
1047.037231 0.000000 1749.202759 0.000000 0.877605 0.000000 -0.479385 0.422217 0.422217 0.422217
870.546326 0.000000 2266.792236 0.000000 0.677323 0.000000 0.735685 0.392570 0.392570 0.392570
880.202148 0.000000 2271.474854 0.000000 0.980867 0.000000 -0.194679 0.400587 0.400587 0.400587
3939.430176 0.000000 2279.653564 0.000000 0.943456 0.000000 -0.331499 0.402193 0.402193 0.402193
3951.382324 0.000000 2273.377197 0.000000 0.859647 0.000000 -0.510888 0.404819 0.404819 0.404819
3945.684570 0.000000 2277.364258 0.000000 0.998133 0.000000 -0.061076 0.401160 0.401160 0.401160
3942.263916 0.000000 2278.637451 0.000000 0.999826 0.000000 0.018674 0.399459 0.399459 0.399459
4014.148438 0.000000 2251.186523 0.000000 0.999998 0.000000 0.001895 0.399922 0.399922 0.399922
3993.540283 0.000000 2279.698242 0.000000 0.278642 0.000000 0.960395 0.362688 0.362688 0.362688
3983.203613 0.000000 2282.874268 0.000000 0.682335 0.000000 0.731040 0.377485 0.377485 0.377485
3990.659668 0.000000 2277.855469 0.000000 0.595513 0.000000 -0.803346 0.431209 0.431209 0.431209
3999.604492 0.000000 2290.686279 0.000000 0.632549 0.000000 -0.774520 0.414598 0.414598 0.414598
3883.501221 0.000000 2349.645020 0.000000 0.602842 0.000000 0.797861 0.394926 0.394926 0.394926
3885.563721 0.000000 2343.682617 0.000000 0.999999 0.000000 0.001015 0.399979 0.399979 0.399979
3879.302490 0.000000 2345.314941 0.000000 0.027511 0.000000 -0.999622 0.446235 0.446235 0.446235
3881.744873 0.000000 2347.322021 0.000000 0.991719 0.000000 0.128430 0.394727 0.394727 0.394727
3883.019531 0.000000 2362.377197 0.000000 0.783354 0.000000 -0.621576 0.427463 0.427463 0.427463
3890.644531 0.000000 2331.118652 0.000000 0.956770 0.000000 -0.290844 0.410462 0.410462 0.410462
3920.351807 0.000000 2364.795898 0.000000 0.722716 0.000000 0.691145 0.392761 0.392761 0.392761
3915.765869 0.000000 2341.304443 0.000000 0.509248 0.000000 -0.860620 0.420701 0.420701 0.420701
3917.243896 0.000000 2360.437988 0.000000 0.529450 0.000000 0.848341 0.375220 0.375220 0.375220
3901.171875 0.000000 2362.366943 0.000000 0.573679 0.000000 -0.819080 0.428275 0.428275 0.428275
3915.294678 0.000000 2345.314941 0.000000 0.991427 0.000000 -0.130659 0.403926 0.403926 0.403926
3896.569336 0.000000 2363.608887 0.000000 0.298856 0.000000 0.954298 0.350643 0.350643 0.350643
3919.011719 0.000000 2362.377197 0.000000 0.362591 0.000000 -0.931948 0.449122 0.449122 0.449122
3929.882324 0.000000 2362.768799 0.000000 0.630836 0.000000 0.775916 0.390687 0.390687 0.390687
3928.810547 0.000000 2357.321533 0.000000 0.438604 0.000000 -0.898680 0.440705 0.440705 0.440705
3953.857422 0.000000 2356.548340 0.000000 0.800261 0.000000 0.599651 0.373671 0.373671 0.373671
3992.328125 0.000000 2320.165283 0.000000 0.878266 0.000000 -0.478173 0.424894 0.424894 0.424894
3988.084229 0.000000 2322.795410 0.000000 0.968005 0.000000 -0.250933 0.411145 0.411145 0.411145
4029.628662 0.000000 2323.710449 0.000000 0.791877 0.000000 0.610681 0.376384 0.376384 0.376384
3967.249756 0.000000 2352.193359 0.000000 0.717837 0.000000 -0.696212 0.416534 0.416534 0.416534
3965.079102 0.000000 2347.020508 0.000000 0.361559 0.000000 -0.932349 0.448568 0.448568 0.448568
3966.093750 0.000000 2349.899414 0.000000 0.967562 0.000000 -0.252635 0.410457 0.410457 0.410457
3965.665039 0.000000 2338.361084 0.000000 0.411720 0.000000 0.911310 0.353060 0.353060 0.353060
4070.059082 0.000000 2256.255859 0.000000 0.942813 0.000000 -0.333322 0.413914 0.413914 0.413914
4072.562988 0.000000 2256.034668 0.000000 0.874609 0.000000 -0.484829 0.420724 0.420724 0.420724
4091.267090 0.000000 2300.506348 0.000000 0.818096 0.000000 -0.575081 0.412237 0.412237 0.412237
4087.079346 0.000000 2289.749023 0.000000 0.496690 0.000000 0.867928 0.376910 0.376910 0.376910
4090.670410 0.000000 2289.340088 0.000000 0.928182 0.000000 -0.372128 0.413327 0.413327 0.413327
4049.160400 0.000000 2325.054688 0.000000 0.416869 0.000000 0.908967 0.368102 0.368102 0.368102
4045.698242 0.000000 2324.355957 0.000000 0.591784 0.000000 -0.806096 0.437449 0.437449 0.437449
4061.623535 0.000000 2307.250977 0.000000 0.035470 0.000000 -0.999371 0.462861 0.462861 0.462861
4091.180176 0.000000 2314.866455 0.000000 0.364271 0.000000 0.931293 0.359924 0.359924 0.359924
4068.095947 0.000000 2318.088867 0.000000 0.442178 0.000000 -0.896927 0.431115 0.431115 0.431115
4070.059082 0.000000 2320.240234 0.000000 0.054301 0.000000 0.998525 0.337911 0.337911 0.337911
4088.686279 0.000000 2315.532715 0.000000 0.909034 0.000000 -0.416722 0.417599 0.417599 0.417599
"}
