object={
	name="tree_pine_impassable_01_a_generator_1_0"
	clamp_to_water_level=no
	render_under_water=no
	generated_content=yes
	layer="tree_high_layer"
	pdxmesh="tree_pine_impassable_01_a_mesh"
	count=570
	transform="3590.384277 0.000000 2207.436768 0.000000 0.391073 0.000000 -0.920359 0.400000 0.400000 0.400000
3575.018799 0.000000 2236.984131 0.000000 0.304297 0.000000 0.952577 0.400000 0.400000 0.400000
3588.867188 0.000000 2215.889893 0.000000 0.568674 0.000000 0.822563 0.400000 0.400000 0.400000
3596.216797 0.000000 2230.382568 0.000000 0.026146 0.000000 -0.999658 0.400000 0.400000 0.400000
3575.434326 0.000000 2222.735352 0.000000 0.951691 0.000000 0.307057 0.400000 0.400000 0.400000
3563.933838 0.000000 2229.516846 0.000000 0.322280 0.000000 -0.946644 0.400000 0.400000 0.400000
3584.757324 0.000000 2229.313965 0.000000 0.816493 0.000000 -0.577355 0.400000 0.400000 0.400000
3590.384277 0.000000 2239.428955 0.000000 0.469225 0.000000 0.883079 0.400000 0.400000 0.400000
3565.817627 0.000000 2238.304688 0.000000 0.855556 0.000000 -0.517710 0.400000 0.400000 0.400000
3595.563721 0.000000 2221.676270 0.000000 0.899325 0.000000 -0.437281 0.400000 0.400000 0.400000
3596.423828 0.000000 2211.640869 0.000000 0.649438 0.000000 0.760415 0.400000 0.400000 0.400000
3571.552002 0.000000 2229.543701 0.000000 0.822246 0.000000 -0.569132 0.400000 0.400000 0.400000
3583.322510 0.000000 2222.042480 0.000000 0.720705 0.000000 0.693242 0.400000 0.400000 0.400000
3578.409912 0.000000 2231.177734 0.000000 0.592270 0.000000 0.805740 0.400000 0.400000 0.400000
3585.983643 0.000000 2209.405273 0.000000 0.604904 0.000000 0.796298 0.400000 0.400000 0.400000
3590.040771 0.000000 2225.448975 0.000000 0.997363 0.000000 -0.072573 0.400000 0.400000 0.400000
3583.391602 0.000000 2235.564453 0.000000 0.040474 0.000000 0.999181 0.400000 0.400000 0.400000
3596.422119 0.000000 2236.827148 0.000000 0.999560 0.000000 0.029662 0.400000 0.400000 0.400000
3589.771729 0.000000 2233.201172 0.000000 0.983752 0.000000 0.179532 0.400000 0.400000 0.400000
3569.960449 0.000000 2234.800049 0.000000 0.364602 0.000000 -0.931163 0.400000 0.400000 0.400000
3591.460449 0.000000 2209.392822 0.000000 0.094446 0.000000 0.995530 0.400000 0.400000 0.400000
3594.111084 0.000000 2216.528076 0.000000 0.837927 0.000000 -0.545782 0.400000 0.400000 0.400000
3590.912354 0.000000 2220.309570 0.000000 0.821200 0.000000 0.570641 0.400000 0.400000 0.400000
3599.028320 0.000000 2224.888916 0.000000 0.923920 0.000000 -0.382587 0.400000 0.400000 0.400000
3584.144287 0.000000 2217.019775 0.000000 0.974484 0.000000 -0.224455 0.400000 0.400000 0.400000
3567.698242 0.000000 2226.701904 0.000000 0.997941 0.000000 0.064132 0.400000 0.400000 0.400000
3588.867188 0.000000 2247.882080 0.000000 0.843027 0.000000 0.537871 0.400000 0.400000 0.400000
3596.216797 0.000000 2262.374756 0.000000 0.334907 0.000000 0.942251 0.400000 0.400000 0.400000
3575.434326 0.000000 2254.727539 0.000000 0.744124 0.000000 -0.668042 0.400000 0.400000 0.400000
3584.757324 0.000000 2261.306152 0.000000 0.023399 0.000000 0.999726 0.400000 0.400000 0.400000
3579.616211 0.000000 2239.482666 0.000000 0.592803 0.000000 -0.805348 0.400000 0.400000 0.400000
3570.511230 0.000000 2239.985596 0.000000 0.381047 0.000000 0.924556 0.400000 0.400000 0.400000
3595.563721 0.000000 2253.668457 0.000000 0.465534 0.000000 0.885030 0.400000 0.400000 0.400000
3596.423828 0.000000 2243.633057 0.000000 0.997299 0.000000 0.073442 0.400000 0.400000 0.400000
3579.508301 0.000000 2247.661377 0.000000 0.994892 0.000000 -0.100942 0.400000 0.400000 0.400000
3583.322510 0.000000 2254.034668 0.000000 0.796948 0.000000 0.604048 0.400000 0.400000 0.400000
3572.596436 0.000000 2247.344238 0.000000 0.368178 0.000000 -0.929755 0.400000 0.400000 0.400000
3585.983643 0.000000 2241.397461 0.000000 0.519660 0.000000 -0.854373 0.400000 0.400000 0.400000
3590.040771 0.000000 2257.441162 0.000000 0.256821 0.000000 0.966459 0.400000 0.400000 0.400000
3589.771729 0.000000 2265.193359 0.000000 0.367550 0.000000 -0.930004 0.400000 0.400000 0.400000
3591.460449 0.000000 2241.385010 0.000000 0.938968 0.000000 0.344003 0.400000 0.400000 0.400000
3579.461670 0.000000 2258.054199 0.000000 0.999015 0.000000 -0.044378 0.400000 0.400000 0.400000
3575.060791 0.000000 2242.652344 0.000000 0.881256 0.000000 -0.472639 0.400000 0.400000 0.400000
3594.111084 0.000000 2248.520264 0.000000 0.671347 0.000000 0.741143 0.400000 0.400000 0.400000
3590.912354 0.000000 2252.301758 0.000000 0.018555 0.000000 -0.999828 0.400000 0.400000 0.400000
3599.028320 0.000000 2256.881104 0.000000 0.990579 0.000000 -0.136941 0.400000 0.400000 0.400000
3584.144287 0.000000 2249.011963 0.000000 0.350670 0.000000 0.936499 0.400000 0.400000 0.400000
3575.018799 0.000000 2300.968506 0.000000 0.655547 0.000000 0.755154 0.400000 0.400000 0.400000
3596.216797 0.000000 2294.366943 0.000000 0.946677 0.000000 0.322183 0.400000 0.400000 0.400000
3584.757324 0.000000 2293.298340 0.000000 0.735497 0.000000 -0.677528 0.400000 0.400000 0.400000
3590.384277 0.000000 2303.413330 0.000000 0.510734 0.000000 0.859739 0.400000 0.400000 0.400000
3583.391602 0.000000 2299.548828 0.000000 0.427489 0.000000 0.904021 0.400000 0.400000 0.400000
3596.422119 0.000000 2300.811523 0.000000 0.870040 0.000000 -0.492981 0.400000 0.400000 0.400000
3601.809814 0.000000 2206.312500 0.000000 0.050292 0.000000 -0.998735 0.400000 0.400000 0.400000
3662.368652 0.000000 2207.436768 0.000000 0.702277 0.000000 0.711904 0.400000 0.400000 0.400000
3611.010986 0.000000 2236.984131 0.000000 0.511274 0.000000 -0.859418 0.400000 0.400000 0.400000
3600.000732 0.000000 2214.447021 0.000000 0.899198 0.000000 0.437543 0.400000 0.400000 0.400000
3632.208984 0.000000 2230.382568 0.000000 0.731576 0.000000 -0.681759 0.400000 0.400000 0.400000
3611.426514 0.000000 2222.735352 0.000000 0.252101 0.000000 -0.967701 0.400000 0.400000 0.400000
3599.926025 0.000000 2229.516846 0.000000 0.351565 0.000000 0.936163 0.400000 0.400000 0.400000
3601.809814 0.000000 2238.304688 0.000000 0.445976 0.000000 0.895045 0.400000 0.400000 0.400000
3631.555908 0.000000 2221.676270 0.000000 0.704412 0.000000 0.709791 0.400000 0.400000 0.400000
3603.556885 0.000000 2221.606445 0.000000 0.795045 0.000000 -0.606550 0.400000 0.400000 0.400000
3607.544189 0.000000 2229.543701 0.000000 0.491239 0.000000 -0.871025 0.400000 0.400000 0.400000
3608.588623 0.000000 2215.352051 0.000000 0.470550 0.000000 -0.882373 0.400000 0.400000 0.400000
3605.952637 0.000000 2234.800049 0.000000 0.591379 0.000000 0.806394 0.400000 0.400000 0.400000
3599.550049 0.000000 2209.120361 0.000000 0.624901 0.000000 -0.780704 0.400000 0.400000 0.400000
3635.020508 0.000000 2224.888916 0.000000 0.650966 0.000000 -0.759107 0.400000 0.400000 0.400000
3603.690430 0.000000 2226.701904 0.000000 0.590314 0.000000 0.807173 0.400000 0.400000 0.400000
3604.296387 0.000000 2212.522705 0.000000 0.782486 0.000000 -0.622668 0.400000 0.400000 0.400000
3599.521240 0.000000 2234.274170 0.000000 0.694058 0.000000 -0.719919 0.400000 0.400000 0.400000
3599.256104 0.000000 2219.119873 0.000000 0.934698 0.000000 0.355443 0.400000 0.400000 0.400000
3647.003174 0.000000 2236.984131 0.000000 0.121235 0.000000 -0.992624 0.400000 0.400000 0.400000
3660.851562 0.000000 2215.889893 0.000000 0.808717 0.000000 0.588198 0.400000 0.400000 0.400000
3647.418701 0.000000 2222.735352 0.000000 0.868352 0.000000 0.495949 0.400000 0.400000 0.400000
3635.918213 0.000000 2229.516846 0.000000 0.257552 0.000000 0.966264 0.400000 0.400000 0.400000
3637.802002 0.000000 2238.304688 0.000000 0.249562 0.000000 -0.968359 0.400000 0.400000 0.400000
3667.548096 0.000000 2221.676270 0.000000 0.026785 0.000000 0.999641 0.400000 0.400000 0.400000
3668.408203 0.000000 2211.640869 0.000000 0.742795 0.000000 -0.669518 0.400000 0.400000 0.400000
3651.492676 0.000000 2215.669189 0.000000 0.742108 0.000000 -0.670280 0.400000 0.400000 0.400000
3639.549072 0.000000 2221.606445 0.000000 0.257978 0.000000 -0.966151 0.400000 0.400000 0.400000
3643.536377 0.000000 2229.543701 0.000000 0.130189 0.000000 -0.991489 0.400000 0.400000 0.400000
3655.306885 0.000000 2222.042480 0.000000 0.830213 0.000000 -0.557447 0.400000 0.400000 0.400000
3644.580811 0.000000 2215.352051 0.000000 0.846021 0.000000 0.533149 0.400000 0.400000 0.400000
3657.968018 0.000000 2209.405273 0.000000 0.102782 0.000000 -0.994704 0.400000 0.400000 0.400000
3651.446045 0.000000 2226.062012 0.000000 0.944829 0.000000 -0.327565 0.400000 0.400000 0.400000
3666.095459 0.000000 2216.528076 0.000000 0.370480 0.000000 0.928841 0.400000 0.400000 0.400000
3662.896729 0.000000 2220.309570 0.000000 0.850120 0.000000 -0.526589 0.400000 0.400000 0.400000
3671.012695 0.000000 2224.888916 0.000000 0.549181 0.000000 -0.835703 0.400000 0.400000 0.400000
3656.128662 0.000000 2217.019775 0.000000 0.747225 0.000000 0.664571 0.400000 0.400000 0.400000
3639.682617 0.000000 2226.701904 0.000000 0.940794 0.000000 0.338978 0.400000 0.400000 0.400000
3635.248291 0.000000 2219.119873 0.000000 0.589066 0.000000 -0.808085 0.400000 0.400000 0.400000
3657.747070 0.000000 2213.379883 0.000000 0.702790 0.000000 -0.711397 0.400000 0.400000 0.400000
3648.168701 0.000000 2214.179443 0.000000 0.402114 0.000000 0.915590 0.400000 0.400000 0.400000
3671.985107 0.000000 2214.447021 0.000000 0.993864 0.000000 -0.110610 0.400000 0.400000 0.400000
3683.410889 0.000000 2222.735352 0.000000 0.948858 0.000000 0.315703 0.400000 0.400000 0.400000
3692.733887 0.000000 2229.313965 0.000000 0.961854 0.000000 0.273563 0.400000 0.400000 0.400000
3698.360840 0.000000 2239.428955 0.000000 0.178474 0.000000 0.983945 0.400000 0.400000 0.400000
3678.487793 0.000000 2207.993408 0.000000 0.063581 0.000000 -0.997977 0.400000 0.400000 0.400000
3687.484863 0.000000 2215.669189 0.000000 0.984635 0.000000 -0.174624 0.400000 0.400000 0.400000
3675.541260 0.000000 2221.606445 0.000000 0.601256 0.000000 0.799057 0.400000 0.400000 0.400000
3691.299072 0.000000 2222.042480 0.000000 0.051581 0.000000 0.998669 0.400000 0.400000 0.400000
3680.572998 0.000000 2215.352051 0.000000 0.575380 0.000000 0.817886 0.400000 0.400000 0.400000
3686.386475 0.000000 2231.177734 0.000000 0.991636 0.000000 0.129068 0.400000 0.400000 0.400000
3691.368164 0.000000 2235.564453 0.000000 0.739679 0.000000 0.672960 0.400000 0.400000 0.400000
3704.398682 0.000000 2236.827148 0.000000 0.006794 0.000000 0.999977 0.400000 0.400000 0.400000
3697.748291 0.000000 2233.201172 0.000000 0.542830 0.000000 -0.839843 0.400000 0.400000 0.400000
3687.438232 0.000000 2226.062012 0.000000 0.993633 0.000000 0.112669 0.400000 0.400000 0.400000
3683.037354 0.000000 2210.660156 0.000000 0.920543 0.000000 0.390642 0.400000 0.400000 0.400000
3676.280762 0.000000 2212.522705 0.000000 0.904592 0.000000 -0.426278 0.400000 0.400000 0.400000
3671.240479 0.000000 2219.119873 0.000000 0.876309 0.000000 -0.481750 0.400000 0.400000 0.400000
3689.972168 0.000000 2211.662109 0.000000 0.650094 0.000000 0.759854 0.400000 0.400000 0.400000
3687.178223 0.000000 2219.982666 0.000000 0.578276 0.000000 -0.815841 0.400000 0.400000 0.400000
3679.620361 0.000000 2219.700195 0.000000 0.089646 0.000000 -0.995974 0.400000 0.400000 0.400000
3683.140625 0.000000 2227.132324 0.000000 0.579868 0.000000 0.814711 0.400000 0.400000 0.400000
3695.353027 0.000000 2236.521973 0.000000 0.578114 0.000000 -0.815956 0.400000 0.400000 0.400000
3694.039062 0.000000 2232.866455 0.000000 0.980393 0.000000 -0.197053 0.400000 0.400000 0.400000
3684.160889 0.000000 2214.179443 0.000000 0.993504 0.000000 0.113797 0.400000 0.400000 0.400000
3709.786377 0.000000 2238.304688 0.000000 0.952913 0.000000 -0.303243 0.400000 0.400000 0.400000
3624.859375 0.000000 2247.882080 0.000000 0.978741 0.000000 0.205100 0.400000 0.400000 0.400000
3600.000732 0.000000 2246.439209 0.000000 0.387884 0.000000 0.921708 0.400000 0.400000 0.400000
3632.208984 0.000000 2262.374756 0.000000 0.252161 0.000000 -0.967685 0.400000 0.400000 0.400000
3611.426514 0.000000 2254.727539 0.000000 0.709013 0.000000 -0.705195 0.400000 0.400000 0.400000
3599.926025 0.000000 2261.509033 0.000000 0.590717 0.000000 -0.806879 0.400000 0.400000 0.400000
3626.376465 0.000000 2271.421143 0.000000 0.963795 0.000000 -0.266644 0.400000 0.400000 0.400000
3606.503418 0.000000 2239.985596 0.000000 0.267846 0.000000 -0.963462 0.400000 0.400000 0.400000
3631.555908 0.000000 2253.668457 0.000000 0.649920 0.000000 -0.760003 0.400000 0.400000 0.400000
3615.500488 0.000000 2247.661377 0.000000 0.990496 0.000000 0.137544 0.400000 0.400000 0.400000
3603.556885 0.000000 2253.598633 0.000000 0.386785 0.000000 0.922170 0.400000 0.400000 0.400000
3607.544189 0.000000 2261.535889 0.000000 0.677251 0.000000 -0.735752 0.400000 0.400000 0.400000
3619.314697 0.000000 2254.034668 0.000000 0.445849 0.000000 -0.895108 0.400000 0.400000 0.400000
3608.588623 0.000000 2247.344238 0.000000 0.668865 0.000000 -0.743384 0.400000 0.400000 0.400000
3626.032959 0.000000 2257.441162 0.000000 0.707600 0.000000 -0.706613 0.400000 0.400000 0.400000
3615.453857 0.000000 2258.054199 0.000000 0.734263 0.000000 0.678866 0.400000 0.400000 0.400000
3611.052979 0.000000 2242.652344 0.000000 0.764659 0.000000 -0.644435 0.400000 0.400000 0.400000
3626.904541 0.000000 2252.301758 0.000000 0.388411 0.000000 0.921486 0.400000 0.400000 0.400000
3635.020508 0.000000 2256.881104 0.000000 0.753559 0.000000 -0.657380 0.400000 0.400000 0.400000
3620.136475 0.000000 2249.011963 0.000000 0.828574 0.000000 -0.559879 0.400000 0.400000 0.400000
3603.690430 0.000000 2258.694092 0.000000 0.998018 0.000000 -0.062933 0.400000 0.400000 0.400000
3604.296387 0.000000 2244.514893 0.000000 0.780394 0.000000 0.625288 0.400000 0.400000 0.400000
3599.256104 0.000000 2251.112061 0.000000 0.937646 0.000000 -0.347591 0.400000 0.400000 0.400000
3635.992920 0.000000 2246.439209 0.000000 0.491918 0.000000 -0.870641 0.400000 0.400000 0.400000
3647.418701 0.000000 2254.727539 0.000000 0.919298 0.000000 -0.393563 0.400000 0.400000 0.400000
3635.918213 0.000000 2261.509033 0.000000 0.381947 0.000000 0.924184 0.400000 0.400000 0.400000
3651.600586 0.000000 2239.482666 0.000000 0.275067 0.000000 -0.961425 0.400000 0.400000 0.400000
3642.495605 0.000000 2239.985596 0.000000 0.933394 0.000000 -0.358852 0.400000 0.400000 0.400000
3667.548096 0.000000 2253.668457 0.000000 0.751217 0.000000 -0.660055 0.400000 0.400000 0.400000
3651.492676 0.000000 2247.661377 0.000000 0.941930 0.000000 -0.335809 0.400000 0.400000 0.400000
3639.549072 0.000000 2253.598633 0.000000 0.581249 0.000000 0.813725 0.400000 0.400000 0.400000
3655.306885 0.000000 2254.034668 0.000000 0.018787 0.000000 -0.999824 0.400000 0.400000 0.400000
3644.580811 0.000000 2247.344238 0.000000 0.812711 0.000000 -0.582666 0.400000 0.400000 0.400000
3651.446045 0.000000 2258.054199 0.000000 0.986679 0.000000 -0.162678 0.400000 0.400000 0.400000
3647.045166 0.000000 2242.652344 0.000000 0.995384 0.000000 -0.095974 0.400000 0.400000 0.400000
3639.682617 0.000000 2258.694092 0.000000 0.079668 0.000000 0.996821 0.400000 0.400000 0.400000
3640.288574 0.000000 2244.514893 0.000000 0.843910 0.000000 -0.536485 0.400000 0.400000 0.400000
3635.248291 0.000000 2251.112061 0.000000 0.137037 0.000000 -0.990566 0.400000 0.400000 0.400000
3611.010986 0.000000 2300.968506 0.000000 0.793777 0.000000 -0.608209 0.400000 0.400000 0.400000
3624.859375 0.000000 2279.874268 0.000000 0.357282 0.000000 -0.933996 0.400000 0.400000 0.400000
3620.749512 0.000000 2293.298340 0.000000 0.581751 0.000000 -0.813367 0.400000 0.400000 0.400000
3601.809814 0.000000 2302.289062 0.000000 0.764564 0.000000 -0.644548 0.400000 0.400000 0.400000
3631.555908 0.000000 2285.660645 0.000000 0.599898 0.000000 0.800076 0.400000 0.400000 0.400000
3632.416016 0.000000 2275.625244 0.000000 0.640344 0.000000 -0.768088 0.400000 0.400000 0.400000
3607.544189 0.000000 2293.528076 0.000000 0.668624 0.000000 -0.743601 0.400000 0.400000 0.400000
3619.314697 0.000000 2286.026855 0.000000 0.986458 0.000000 0.164015 0.400000 0.400000 0.400000
3614.402100 0.000000 2295.162109 0.000000 0.933951 0.000000 -0.357402 0.400000 0.400000 0.400000
3626.032959 0.000000 2289.433350 0.000000 0.869372 0.000000 0.494159 0.400000 0.400000 0.400000
3619.383789 0.000000 2299.548828 0.000000 0.804134 0.000000 -0.594448 0.400000 0.400000 0.400000
3625.763916 0.000000 2297.185547 0.000000 0.758054 0.000000 -0.652191 0.400000 0.400000 0.400000
3605.952637 0.000000 2298.784424 0.000000 0.357920 0.000000 0.933752 0.400000 0.400000 0.400000
3627.452637 0.000000 2273.377197 0.000000 0.964187 0.000000 -0.265222 0.400000 0.400000 0.400000
3615.453857 0.000000 2290.046387 0.000000 0.997012 0.000000 -0.077250 0.400000 0.400000 0.400000
3630.103271 0.000000 2280.512451 0.000000 0.256555 0.000000 0.966530 0.400000 0.400000 0.400000
3626.904541 0.000000 2284.293945 0.000000 0.010470 0.000000 0.999945 0.400000 0.400000 0.400000
3599.521240 0.000000 2298.258545 0.000000 0.859658 0.000000 0.510870 0.400000 0.400000 0.400000
3635.992920 0.000000 2278.431396 0.000000 0.536305 0.000000 -0.844024 0.400000 0.400000 0.400000
3642.495605 0.000000 2271.977783 0.000000 0.384948 0.000000 -0.922938 0.400000 0.400000 0.400000
3635.542236 0.000000 2273.104736 0.000000 0.666978 0.000000 0.745077 0.400000 0.400000 0.400000
3696.843750 0.000000 2247.882080 0.000000 0.995191 0.000000 -0.097955 0.400000 0.400000 0.400000
3671.985107 0.000000 2246.439209 0.000000 0.847909 0.000000 0.530142 0.400000 0.400000 0.400000
3704.193359 0.000000 2262.374756 0.000000 0.616745 0.000000 -0.787163 0.400000 0.400000 0.400000
3683.410889 0.000000 2254.727539 0.000000 0.911872 0.000000 0.410474 0.400000 0.400000 0.400000
3692.733887 0.000000 2261.306152 0.000000 0.973189 0.000000 0.230008 0.400000 0.400000 0.400000
3698.360840 0.000000 2271.421143 0.000000 0.996809 0.000000 -0.079827 0.400000 0.400000 0.400000
3703.540283 0.000000 2253.668457 0.000000 0.791720 0.000000 -0.610884 0.400000 0.400000 0.400000
3704.400391 0.000000 2243.633057 0.000000 0.653059 0.000000 -0.757307 0.400000 0.400000 0.400000
3687.484863 0.000000 2247.661377 0.000000 0.499405 0.000000 0.866369 0.400000 0.400000 0.400000
3691.299072 0.000000 2254.034668 0.000000 0.392531 0.000000 0.919739 0.400000 0.400000 0.400000
3693.960205 0.000000 2241.397461 0.000000 0.986739 0.000000 -0.162312 0.400000 0.400000 0.400000
3698.017334 0.000000 2257.441162 0.000000 0.305627 0.000000 -0.952151 0.400000 0.400000 0.400000
3704.398682 0.000000 2268.819336 0.000000 0.999489 0.000000 0.031961 0.400000 0.400000 0.400000
3697.748291 0.000000 2265.193359 0.000000 0.020338 0.000000 0.999793 0.400000 0.400000 0.400000
3699.437012 0.000000 2241.385010 0.000000 0.931385 0.000000 0.364036 0.400000 0.400000 0.400000
3702.087646 0.000000 2248.520264 0.000000 0.999063 0.000000 -0.043281 0.400000 0.400000 0.400000
3698.888916 0.000000 2252.301758 0.000000 0.063895 0.000000 0.997957 0.400000 0.400000 0.400000
3707.004883 0.000000 2256.881104 0.000000 0.689641 0.000000 -0.724152 0.400000 0.400000 0.400000
3692.120850 0.000000 2249.011963 0.000000 0.933248 0.000000 0.359233 0.400000 0.400000 0.400000
3700.565918 0.000000 2267.970703 0.000000 0.975377 0.000000 -0.220542 0.400000 0.400000 0.400000
3718.987549 0.000000 2268.976318 0.000000 0.998714 0.000000 0.050702 0.400000 0.400000 0.400000
3707.977295 0.000000 2246.439209 0.000000 0.031901 0.000000 -0.999491 0.400000 0.400000 0.400000
3719.403076 0.000000 2254.727539 0.000000 0.921881 0.000000 0.387474 0.400000 0.400000 0.400000
3707.902588 0.000000 2261.509033 0.000000 0.091613 0.000000 -0.995795 0.400000 0.400000 0.400000
3709.786377 0.000000 2270.296875 0.000000 0.998581 0.000000 -0.053262 0.400000 0.400000 0.400000
3711.533447 0.000000 2253.598633 0.000000 0.969718 0.000000 0.244226 0.400000 0.400000 0.400000
3715.520752 0.000000 2261.535889 0.000000 0.775114 0.000000 0.631822 0.400000 0.400000 0.400000
3713.929199 0.000000 2266.792236 0.000000 0.134991 0.000000 -0.990847 0.400000 0.400000 0.400000
3711.666992 0.000000 2258.694092 0.000000 0.472241 0.000000 0.881470 0.400000 0.400000 0.400000
3707.497803 0.000000 2266.266357 0.000000 0.994192 0.000000 -0.107619 0.400000 0.400000 0.400000
3707.232666 0.000000 2251.112061 0.000000 0.966934 0.000000 -0.255028 0.400000 0.400000 0.400000
3715.612549 0.000000 2251.692383 0.000000 0.740703 0.000000 0.671833 0.400000 0.400000 0.400000
3715.304443 0.000000 2256.216797 0.000000 0.389233 0.000000 -0.921140 0.400000 0.400000 0.400000
3696.843750 0.000000 2279.874268 0.000000 0.488932 0.000000 -0.872322 0.400000 0.400000 0.400000
3704.193359 0.000000 2294.366943 0.000000 0.497585 0.000000 -0.867415 0.400000 0.400000 0.400000
3692.733887 0.000000 2293.298340 0.000000 0.967468 0.000000 -0.252993 0.400000 0.400000 0.400000
3698.360840 0.000000 2303.413330 0.000000 0.629492 0.000000 0.777007 0.400000 0.400000 0.400000
3703.540283 0.000000 2285.660645 0.000000 0.577414 0.000000 0.816451 0.400000 0.400000 0.400000
3704.400391 0.000000 2275.625244 0.000000 0.927998 0.000000 0.372584 0.400000 0.400000 0.400000
3693.960205 0.000000 2273.389648 0.000000 0.855982 0.000000 -0.517006 0.400000 0.400000 0.400000
3698.017334 0.000000 2289.433350 0.000000 0.640724 0.000000 0.767771 0.400000 0.400000 0.400000
3691.368164 0.000000 2299.548828 0.000000 0.984422 0.000000 -0.175821 0.400000 0.400000 0.400000
3704.398682 0.000000 2300.811523 0.000000 0.832623 0.000000 0.553840 0.400000 0.400000 0.400000
3697.748291 0.000000 2297.185547 0.000000 0.199819 0.000000 0.979833 0.400000 0.400000 0.400000
3699.437012 0.000000 2273.377197 0.000000 0.472190 0.000000 -0.881497 0.400000 0.400000 0.400000
3702.087646 0.000000 2280.512451 0.000000 0.410082 0.000000 0.912049 0.400000 0.400000 0.400000
3698.888916 0.000000 2284.293945 0.000000 0.994795 0.000000 0.101893 0.400000 0.400000 0.400000
3707.004883 0.000000 2288.873291 0.000000 0.998915 0.000000 0.046564 0.400000 0.400000 0.400000
3702.963135 0.000000 2271.455566 0.000000 0.796695 0.000000 -0.604381 0.400000 0.400000 0.400000
3695.353027 0.000000 2300.506348 0.000000 0.941567 0.000000 0.336827 0.400000 0.400000 0.400000
3699.812744 0.000000 2277.320068 0.000000 0.679648 0.000000 0.733539 0.400000 0.400000 0.400000
3707.977295 0.000000 2278.431396 0.000000 0.995185 0.000000 -0.098015 0.400000 0.400000 0.400000
3707.902588 0.000000 2293.501221 0.000000 0.777590 0.000000 0.628772 0.400000 0.400000 0.400000
3709.786377 0.000000 2302.289062 0.000000 0.713332 0.000000 -0.700826 0.400000 0.400000 0.400000
3714.479980 0.000000 2271.977783 0.000000 0.071419 0.000000 -0.997446 0.400000 0.400000 0.400000
3711.533447 0.000000 2285.590820 0.000000 0.862030 0.000000 0.506857 0.400000 0.400000 0.400000
3716.565186 0.000000 2279.336426 0.000000 0.986187 0.000000 -0.165638 0.400000 0.400000 0.400000
3707.526611 0.000000 2273.104736 0.000000 0.281554 0.000000 -0.959545 0.400000 0.400000 0.400000
3712.272949 0.000000 2276.507080 0.000000 0.985178 0.000000 -0.171535 0.400000 0.400000 0.400000
3707.497803 0.000000 2298.258545 0.000000 0.946178 0.000000 -0.323645 0.400000 0.400000 0.400000
3707.232666 0.000000 2283.104248 0.000000 0.988044 0.000000 -0.154171 0.400000 0.400000 0.400000
3528.016357 0.000000 2310.423584 0.000000 0.967709 0.000000 0.252072 0.400000 0.400000 0.400000
3539.442139 0.000000 2318.711914 0.000000 0.826325 0.000000 0.563194 0.400000 0.400000 0.400000
3588.867188 0.000000 2311.866455 0.000000 0.690838 0.000000 0.723009 0.400000 0.400000 0.400000
3596.216797 0.000000 2326.359131 0.000000 0.491220 0.000000 -0.871036 0.400000 0.400000 0.400000
3584.757324 0.000000 2325.290527 0.000000 0.648544 0.000000 0.761177 0.400000 0.400000 0.400000
3579.616211 0.000000 2303.467041 0.000000 0.297866 0.000000 0.954608 0.400000 0.400000 0.400000
3590.384277 0.000000 2335.405518 0.000000 0.866059 0.000000 -0.499941 0.400000 0.400000 0.400000
3570.511230 0.000000 2303.969971 0.000000 0.276986 0.000000 0.960874 0.400000 0.400000 0.400000
3595.563721 0.000000 2317.652832 0.000000 0.981919 0.000000 -0.189302 0.400000 0.400000 0.400000
3596.423828 0.000000 2307.617432 0.000000 0.570052 0.000000 -0.821609 0.400000 0.400000 0.400000
3579.508301 0.000000 2311.645752 0.000000 0.933865 0.000000 -0.357626 0.400000 0.400000 0.400000
3583.322510 0.000000 2318.019043 0.000000 0.519175 0.000000 -0.854668 0.400000 0.400000 0.400000
3578.409912 0.000000 2327.154297 0.000000 0.957145 0.000000 0.289608 0.400000 0.400000 0.400000
3585.983643 0.000000 2305.381836 0.000000 0.923173 0.000000 -0.384384 0.400000 0.400000 0.400000
3590.040771 0.000000 2321.425537 0.000000 0.762725 0.000000 -0.646723 0.400000 0.400000 0.400000
3589.771729 0.000000 2329.177734 0.000000 1.000000 0.000000 0.000299 0.400000 0.400000 0.400000
3591.460449 0.000000 2305.369385 0.000000 0.106438 0.000000 -0.994319 0.400000 0.400000 0.400000
3579.461670 0.000000 2322.038574 0.000000 0.187651 0.000000 -0.982236 0.400000 0.400000 0.400000
3594.111084 0.000000 2312.504639 0.000000 0.684178 0.000000 -0.729315 0.400000 0.400000 0.400000
3590.912354 0.000000 2316.286133 0.000000 0.998482 0.000000 0.055072 0.400000 0.400000 0.400000
3584.144287 0.000000 2312.996338 0.000000 0.975768 0.000000 -0.218810 0.400000 0.400000 0.400000
3581.995605 0.000000 2307.638672 0.000000 0.529942 0.000000 -0.848034 0.400000 0.400000 0.400000
3583.391602 0.000000 2363.533203 0.000000 0.979516 0.000000 0.201368 0.400000 0.400000 0.400000
3587.376465 0.000000 2364.490723 0.000000 0.999707 0.000000 0.024225 0.400000 0.400000 0.400000
3564.008545 0.000000 2374.407959 0.000000 0.560629 0.000000 -0.828067 0.400000 0.400000 0.400000
3585.983643 0.000000 2369.366211 0.000000 0.117093 0.000000 0.993121 0.400000 0.400000 0.400000
3563.557861 0.000000 2369.081299 0.000000 0.999428 0.000000 0.033829 0.400000 0.400000 0.400000
3568.304199 0.000000 2372.483643 0.000000 0.275074 0.000000 -0.961423 0.400000 0.400000 0.400000
3600.000732 0.000000 2310.423584 0.000000 0.977882 0.000000 0.209156 0.400000 0.400000 0.400000
3632.208984 0.000000 2326.359131 0.000000 0.973133 0.000000 0.230243 0.400000 0.400000 0.400000
3615.608398 0.000000 2303.467041 0.000000 0.931215 0.000000 -0.364470 0.400000 0.400000 0.400000
3606.503418 0.000000 2303.969971 0.000000 0.985877 0.000000 0.167474 0.400000 0.400000 0.400000
3631.555908 0.000000 2317.652832 0.000000 0.360818 0.000000 -0.932636 0.400000 0.400000 0.400000
3632.414307 0.000000 2332.803711 0.000000 0.203767 0.000000 -0.979020 0.400000 0.400000 0.400000
3599.550049 0.000000 2305.096924 0.000000 0.208204 0.000000 -0.978085 0.400000 0.400000 0.400000
3635.020508 0.000000 2320.865479 0.000000 0.996376 0.000000 0.085060 0.400000 0.400000 0.400000
3604.296387 0.000000 2308.499268 0.000000 0.967209 0.000000 -0.253980 0.400000 0.400000 0.400000
3599.256104 0.000000 2315.096436 0.000000 0.085938 0.000000 -0.996300 0.400000 0.400000 0.400000
3647.003174 0.000000 2332.960693 0.000000 0.974931 0.000000 0.222508 0.400000 0.400000 0.400000
3660.851562 0.000000 2311.866455 0.000000 0.390604 0.000000 0.920559 0.400000 0.400000 0.400000
3635.992920 0.000000 2310.423584 0.000000 0.853486 0.000000 0.521115 0.400000 0.400000 0.400000
3668.201172 0.000000 2326.359131 0.000000 0.802951 0.000000 0.596045 0.400000 0.400000 0.400000
3647.418701 0.000000 2318.711914 0.000000 0.331953 0.000000 0.943296 0.400000 0.400000 0.400000
3635.918213 0.000000 2325.493408 0.000000 0.951741 0.000000 0.306903 0.400000 0.400000 0.400000
3656.741699 0.000000 2325.290527 0.000000 0.995488 0.000000 -0.094890 0.400000 0.400000 0.400000
3651.600586 0.000000 2303.467041 0.000000 0.349015 0.000000 0.937117 0.400000 0.400000 0.400000
3662.368652 0.000000 2335.405518 0.000000 0.757816 0.000000 0.652468 0.400000 0.400000 0.400000
3637.802002 0.000000 2334.281250 0.000000 0.384194 0.000000 -0.923252 0.400000 0.400000 0.400000
3642.495605 0.000000 2303.969971 0.000000 0.393280 0.000000 0.919419 0.400000 0.400000 0.400000
3667.548096 0.000000 2317.652832 0.000000 0.227687 0.000000 0.973734 0.400000 0.400000 0.400000
3668.408203 0.000000 2307.617432 0.000000 0.823348 0.000000 -0.567536 0.400000 0.400000 0.400000
3651.492676 0.000000 2311.645752 0.000000 0.393976 0.000000 -0.919121 0.400000 0.400000 0.400000
3639.549072 0.000000 2317.583008 0.000000 0.790111 0.000000 0.612964 0.400000 0.400000 0.400000
3643.536377 0.000000 2325.520264 0.000000 0.668383 0.000000 -0.743818 0.400000 0.400000 0.400000
3655.306885 0.000000 2318.019043 0.000000 0.200895 0.000000 0.979613 0.400000 0.400000 0.400000
3644.580811 0.000000 2311.328613 0.000000 0.753229 0.000000 -0.657759 0.400000 0.400000 0.400000
3650.394287 0.000000 2327.154297 0.000000 0.698459 0.000000 0.715650 0.400000 0.400000 0.400000
3662.025146 0.000000 2321.425537 0.000000 0.063476 0.000000 -0.997983 0.400000 0.400000 0.400000
3668.406494 0.000000 2332.803711 0.000000 0.087334 0.000000 -0.996179 0.400000 0.400000 0.400000
3661.756104 0.000000 2329.177734 0.000000 0.537154 0.000000 -0.843484 0.400000 0.400000 0.400000
3651.446045 0.000000 2322.038574 0.000000 0.876728 0.000000 -0.480987 0.400000 0.400000 0.400000
3647.045166 0.000000 2306.636719 0.000000 0.928269 0.000000 -0.371910 0.400000 0.400000 0.400000
3666.095459 0.000000 2312.504639 0.000000 0.955973 0.000000 -0.293454 0.400000 0.400000 0.400000
3671.012695 0.000000 2320.865479 0.000000 0.971748 0.000000 0.236020 0.400000 0.400000 0.400000
3656.128662 0.000000 2312.996338 0.000000 0.997561 0.000000 0.069794 0.400000 0.400000 0.400000
3639.682617 0.000000 2322.678467 0.000000 0.434115 0.000000 0.900857 0.400000 0.400000 0.400000
3640.288574 0.000000 2308.499268 0.000000 0.382140 0.000000 0.924104 0.400000 0.400000 0.400000
3635.248291 0.000000 2315.096436 0.000000 0.780560 0.000000 -0.625081 0.400000 0.400000 0.400000
3653.979980 0.000000 2307.638672 0.000000 1.000000 0.000000 -0.000787 0.400000 0.400000 0.400000
3643.628174 0.000000 2315.676758 0.000000 0.987828 0.000000 -0.155549 0.400000 0.400000 0.400000
3639.333496 0.000000 2313.225830 0.000000 0.508765 0.000000 0.860906 0.400000 0.400000 0.400000
3647.148438 0.000000 2323.108887 0.000000 0.120617 0.000000 -0.992699 0.400000 0.400000 0.400000
3643.320068 0.000000 2320.201172 0.000000 0.965440 0.000000 -0.260624 0.400000 0.400000 0.400000
3663.529785 0.000000 2325.345459 0.000000 0.812837 0.000000 0.582492 0.400000 0.400000 0.400000
3664.573730 0.000000 2331.955078 0.000000 0.172126 0.000000 0.985075 0.400000 0.400000 0.400000
3657.747070 0.000000 2309.356445 0.000000 0.987311 0.000000 0.158799 0.400000 0.400000 0.400000
3663.820557 0.000000 2309.312256 0.000000 0.966626 0.000000 0.256192 0.400000 0.400000 0.400000
3658.046875 0.000000 2328.843018 0.000000 0.778561 0.000000 0.627569 0.400000 0.400000 0.400000
3669.610596 0.000000 2311.690430 0.000000 0.212620 0.000000 -0.977135 0.400000 0.400000 0.400000
3660.019287 0.000000 2324.168457 0.000000 0.398224 0.000000 0.917288 0.400000 0.400000 0.400000
3611.426514 0.000000 2350.704102 0.000000 0.724716 0.000000 0.689048 0.400000 0.400000 0.400000
3631.555908 0.000000 2349.645020 0.000000 0.977985 0.000000 -0.208674 0.400000 0.400000 0.400000
3632.416016 0.000000 2339.609619 0.000000 0.785917 0.000000 0.618332 0.400000 0.400000 0.400000
3603.556885 0.000000 2349.575195 0.000000 0.009029 0.000000 -0.999959 0.400000 0.400000 0.400000
3607.544189 0.000000 2357.512451 0.000000 0.699610 0.000000 0.714525 0.400000 0.400000 0.400000
3630.103271 0.000000 2344.496826 0.000000 0.738395 0.000000 -0.674368 0.400000 0.400000 0.400000
3607.327881 0.000000 2352.193359 0.000000 0.883936 0.000000 0.467608 0.400000 0.400000 0.400000
3647.003174 0.000000 2364.952881 0.000000 0.880566 0.000000 0.473923 0.400000 0.400000 0.400000
3660.851562 0.000000 2343.858643 0.000000 0.199698 0.000000 -0.979858 0.400000 0.400000 0.400000
3635.992920 0.000000 2342.415771 0.000000 0.358040 0.000000 0.933706 0.400000 0.400000 0.400000
3668.201172 0.000000 2358.351318 0.000000 0.909711 0.000000 -0.415241 0.400000 0.400000 0.400000
3647.418701 0.000000 2350.704102 0.000000 0.154948 0.000000 -0.987923 0.400000 0.400000 0.400000
3656.741699 0.000000 2357.282715 0.000000 0.732806 0.000000 0.680438 0.400000 0.400000 0.400000
3651.600586 0.000000 2335.459229 0.000000 0.658215 0.000000 -0.752830 0.400000 0.400000 0.400000
3662.368652 0.000000 2367.397705 0.000000 0.995695 0.000000 0.092695 0.400000 0.400000 0.400000
3642.495605 0.000000 2335.962158 0.000000 0.557972 0.000000 0.829859 0.400000 0.400000 0.400000
3667.548096 0.000000 2349.645020 0.000000 0.148689 0.000000 0.988884 0.400000 0.400000 0.400000
3668.408203 0.000000 2339.609619 0.000000 0.705359 0.000000 0.708850 0.400000 0.400000 0.400000
3639.549072 0.000000 2349.575195 0.000000 0.589789 0.000000 -0.807557 0.400000 0.400000 0.400000
3643.536377 0.000000 2357.512451 0.000000 0.974598 0.000000 -0.223962 0.400000 0.400000 0.400000
3644.580811 0.000000 2343.320801 0.000000 0.950447 0.000000 -0.310885 0.400000 0.400000 0.400000
3650.394287 0.000000 2359.146484 0.000000 0.985029 0.000000 -0.172386 0.400000 0.400000 0.400000
3662.025146 0.000000 2353.417725 0.000000 0.386031 0.000000 -0.922486 0.400000 0.400000 0.400000
3635.542236 0.000000 2337.089111 0.000000 0.313684 0.000000 0.949527 0.400000 0.400000 0.400000
3663.444824 0.000000 2337.361572 0.000000 0.270795 0.000000 -0.962637 0.400000 0.400000 0.400000
3651.446045 0.000000 2354.030762 0.000000 0.209059 0.000000 -0.977903 0.400000 0.400000 0.400000
3666.095459 0.000000 2344.496826 0.000000 0.676384 0.000000 0.736549 0.400000 0.400000 0.400000
3662.896729 0.000000 2348.278320 0.000000 0.515872 0.000000 -0.856666 0.400000 0.400000 0.400000
3639.682617 0.000000 2354.670654 0.000000 0.955530 0.000000 0.294895 0.400000 0.400000 0.400000
3640.288574 0.000000 2340.491455 0.000000 0.292919 0.000000 -0.956137 0.400000 0.400000 0.400000
3643.628174 0.000000 2347.668945 0.000000 0.046255 0.000000 0.998930 0.400000 0.400000 0.400000
3639.333496 0.000000 2345.218018 0.000000 0.220632 0.000000 0.975357 0.400000 0.400000 0.400000
3643.320068 0.000000 2352.193359 0.000000 0.995224 0.000000 0.097617 0.400000 0.400000 0.400000
3682.995361 0.000000 2332.960693 0.000000 0.619562 0.000000 0.784948 0.400000 0.400000 0.400000
3696.843750 0.000000 2311.866455 0.000000 0.494865 0.000000 -0.868970 0.400000 0.400000 0.400000
3671.985107 0.000000 2310.423584 0.000000 0.872914 0.000000 -0.487874 0.400000 0.400000 0.400000
3704.193359 0.000000 2326.359131 0.000000 0.818469 0.000000 0.574550 0.400000 0.400000 0.400000
3687.592773 0.000000 2303.467041 0.000000 0.949625 0.000000 0.313387 0.400000 0.400000 0.400000
3673.794189 0.000000 2334.281250 0.000000 0.048347 0.000000 -0.998831 0.400000 0.400000 0.400000
3703.540283 0.000000 2317.652832 0.000000 0.881063 0.000000 0.472998 0.400000 0.400000 0.400000
3704.400391 0.000000 2307.617432 0.000000 0.926348 0.000000 -0.376668 0.400000 0.400000 0.400000
3675.541260 0.000000 2317.583008 0.000000 0.084416 0.000000 0.996431 0.400000 0.400000 0.400000
3679.528564 0.000000 2325.520264 0.000000 0.790268 0.000000 0.612761 0.400000 0.400000 0.400000
3686.386475 0.000000 2327.154297 0.000000 0.228850 0.000000 -0.973462 0.400000 0.400000 0.400000
3693.960205 0.000000 2305.381836 0.000000 0.954052 0.000000 0.299642 0.400000 0.400000 0.400000
3698.017334 0.000000 2321.425537 0.000000 0.799158 0.000000 0.601121 0.400000 0.400000 0.400000
3677.937012 0.000000 2330.776611 0.000000 0.295976 0.000000 0.955195 0.400000 0.400000 0.400000
3699.437012 0.000000 2305.369385 0.000000 0.899991 0.000000 0.435908 0.400000 0.400000 0.400000
3702.087646 0.000000 2312.504639 0.000000 0.168815 0.000000 0.985648 0.400000 0.400000 0.400000
3698.888916 0.000000 2316.286133 0.000000 0.581711 0.000000 0.813396 0.400000 0.400000 0.400000
3707.004883 0.000000 2320.865479 0.000000 0.888253 0.000000 0.459354 0.400000 0.400000 0.400000
3675.674805 0.000000 2322.678467 0.000000 0.444379 0.000000 0.895839 0.400000 0.400000 0.400000
3671.240479 0.000000 2315.096436 0.000000 0.631696 0.000000 -0.775216 0.400000 0.400000 0.400000
3675.325684 0.000000 2313.225830 0.000000 0.967202 0.000000 0.254010 0.400000 0.400000 0.400000
3679.312256 0.000000 2320.201172 0.000000 0.389749 0.000000 -0.920921 0.400000 0.400000 0.400000
3681.933350 0.000000 2329.106201 0.000000 0.111842 0.000000 -0.993726 0.400000 0.400000 0.400000
3693.739258 0.000000 2309.356445 0.000000 0.191711 0.000000 -0.981451 0.400000 0.400000 0.400000
3699.812744 0.000000 2309.312256 0.000000 0.131171 0.000000 0.991360 0.400000 0.400000 0.400000
3696.789551 0.000000 2307.515625 0.000000 0.865399 0.000000 0.501083 0.400000 0.400000 0.400000
3718.987549 0.000000 2332.960693 0.000000 0.767298 0.000000 -0.641291 0.400000 0.400000 0.400000
3707.977295 0.000000 2310.423584 0.000000 0.948312 0.000000 -0.317340 0.400000 0.400000 0.400000
3719.403076 0.000000 2318.711914 0.000000 0.932737 0.000000 -0.360557 0.400000 0.400000 0.400000
3707.902588 0.000000 2325.493408 0.000000 0.047723 0.000000 0.998861 0.400000 0.400000 0.400000
3714.479980 0.000000 2303.969971 0.000000 0.169328 0.000000 -0.985560 0.400000 0.400000 0.400000
3711.533447 0.000000 2317.583008 0.000000 0.298444 0.000000 0.954427 0.400000 0.400000 0.400000
3715.520752 0.000000 2325.520264 0.000000 0.236203 0.000000 -0.971704 0.400000 0.400000 0.400000
3713.929199 0.000000 2330.776611 0.000000 0.742118 0.000000 0.670269 0.400000 0.400000 0.400000
3707.526611 0.000000 2305.096924 0.000000 0.405855 0.000000 0.913937 0.400000 0.400000 0.400000
3711.666992 0.000000 2322.678467 0.000000 0.936345 0.000000 -0.351082 0.400000 0.400000 0.400000
3707.232666 0.000000 2315.096436 0.000000 0.566424 0.000000 0.824114 0.400000 0.400000 0.400000
3682.995361 0.000000 2364.952881 0.000000 0.870400 0.000000 0.492345 0.400000 0.400000 0.400000
3671.985107 0.000000 2342.415771 0.000000 0.277512 0.000000 -0.960722 0.400000 0.400000 0.400000
3683.410889 0.000000 2350.704102 0.000000 0.837089 0.000000 0.547066 0.400000 0.400000 0.400000
3671.910400 0.000000 2357.485596 0.000000 0.826810 0.000000 -0.562482 0.400000 0.400000 0.400000
3687.592773 0.000000 2335.459229 0.000000 0.886290 0.000000 0.463131 0.400000 0.400000 0.400000
3673.794189 0.000000 2366.273438 0.000000 0.927537 0.000000 0.373730 0.400000 0.400000 0.400000
3678.487793 0.000000 2335.962158 0.000000 0.317272 0.000000 0.948334 0.400000 0.400000 0.400000
3675.541260 0.000000 2349.575195 0.000000 0.740554 0.000000 -0.671997 0.400000 0.400000 0.400000
3679.528564 0.000000 2357.512451 0.000000 0.509011 0.000000 0.860760 0.400000 0.400000 0.400000
3680.572998 0.000000 2343.320801 0.000000 0.182652 0.000000 0.983178 0.400000 0.400000 0.400000
3677.937012 0.000000 2362.768799 0.000000 0.996701 0.000000 0.081166 0.400000 0.400000 0.400000
3671.534424 0.000000 2337.089111 0.000000 0.837730 0.000000 0.546085 0.400000 0.400000 0.400000
3683.037354 0.000000 2338.628906 0.000000 0.525504 0.000000 0.850791 0.400000 0.400000 0.400000
3675.674805 0.000000 2354.670654 0.000000 0.924545 0.000000 0.381072 0.400000 0.400000 0.400000
3676.280762 0.000000 2340.491455 0.000000 0.485688 0.000000 0.874132 0.400000 0.400000 0.400000
3679.620361 0.000000 2347.668945 0.000000 0.733587 0.000000 -0.679596 0.400000 0.400000 0.400000
3683.140625 0.000000 2355.101074 0.000000 0.121981 0.000000 -0.992532 0.400000 0.400000 0.400000
3679.312256 0.000000 2352.193359 0.000000 0.971758 0.000000 -0.235979 0.400000 0.400000 0.400000
3681.933350 0.000000 2361.098389 0.000000 0.974330 0.000000 0.225124 0.400000 0.400000 0.400000
3679.222656 0.000000 2366.125000 0.000000 0.534596 0.000000 0.845108 0.400000 0.400000 0.400000
3620.749512 0.000000 2389.274902 0.000000 0.986502 0.000000 -0.163747 0.400000 0.400000 0.400000
3647.003174 0.000000 2396.945068 0.000000 0.569663 0.000000 0.821879 0.400000 0.400000 0.400000
3660.851562 0.000000 2375.850830 0.000000 0.928196 0.000000 0.372091 0.400000 0.400000 0.400000
3656.741699 0.000000 2389.274902 0.000000 0.992432 0.000000 -0.122798 0.400000 0.400000 0.400000
3651.600586 0.000000 2367.451416 0.000000 0.463086 0.000000 0.886313 0.400000 0.400000 0.400000
3667.548096 0.000000 2381.637207 0.000000 0.929092 0.000000 0.369850 0.400000 0.400000 0.400000
3668.408203 0.000000 2371.601807 0.000000 0.346742 0.000000 0.937960 0.400000 0.400000 0.400000
3655.306885 0.000000 2382.003418 0.000000 0.767728 0.000000 -0.640776 0.400000 0.400000 0.400000
3662.025146 0.000000 2385.409912 0.000000 0.330128 0.000000 0.943936 0.400000 0.400000 0.400000
3666.095459 0.000000 2376.489014 0.000000 0.088325 0.000000 0.996092 0.400000 0.400000 0.400000
3662.896729 0.000000 2380.270508 0.000000 0.070078 0.000000 0.997541 0.400000 0.400000 0.400000
3659.525391 0.000000 2382.348389 0.000000 0.803415 0.000000 -0.595420 0.400000 0.400000 0.400000
3663.820557 0.000000 2373.296631 0.000000 0.713828 0.000000 0.700321 0.400000 0.400000 0.400000
3663.349365 0.000000 2377.307129 0.000000 0.658577 0.000000 -0.752514 0.400000 0.400000 0.400000
3665.791748 0.000000 2379.314209 0.000000 0.596326 0.000000 -0.802742 0.400000 0.400000 0.400000
3671.985107 0.000000 2374.407959 0.000000 0.777711 0.000000 0.628622 0.400000 0.400000 0.400000
3678.487793 0.000000 2367.954346 0.000000 0.875244 0.000000 -0.483682 0.400000 0.400000 0.400000
3676.280762 0.000000 2372.483643 0.000000 0.158241 0.000000 -0.987401 0.400000 0.400000 0.400000
3671.240479 0.000000 2379.080811 0.000000 0.971835 0.000000 0.235662 0.400000 0.400000 0.400000
3655.306885 0.000000 2445.987793 0.000000 0.673014 0.000000 0.739629 0.400000 0.400000 0.400000
3662.896729 0.000000 2444.254883 0.000000 0.231932 0.000000 0.972732 0.400000 0.400000 0.400000
3671.012695 0.000000 2448.834229 0.000000 0.166924 0.000000 0.985970 0.400000 0.400000 0.400000
3666.662109 0.000000 2450.094482 0.000000 0.864784 0.000000 -0.502144 0.400000 0.400000 0.400000
3647.148438 0.000000 2451.077637 0.000000 0.273037 0.000000 0.962004 0.400000 0.400000 0.400000
3643.320068 0.000000 2448.169922 0.000000 0.532989 0.000000 -0.846122 0.400000 0.400000 0.400000
3663.529785 0.000000 2453.314209 0.000000 0.903458 0.000000 -0.428678 0.400000 0.400000 0.400000
3651.491455 0.000000 2460.929443 0.000000 0.755123 0.000000 -0.655583 0.400000 0.400000 0.400000
3645.941162 0.000000 2457.074951 0.000000 0.498693 0.000000 0.866779 0.400000 0.400000 0.400000
3659.360840 0.000000 2460.467285 0.000000 0.999887 0.000000 0.015000 0.400000 0.400000 0.400000
3664.573730 0.000000 2459.923828 0.000000 0.867586 0.000000 0.497287 0.400000 0.400000 0.400000
3658.046875 0.000000 2456.811768 0.000000 0.526376 0.000000 0.850252 0.400000 0.400000 0.400000
3643.230469 0.000000 2462.101562 0.000000 0.998144 0.000000 0.060895 0.400000 0.400000 0.400000
3653.246338 0.000000 2453.023438 0.000000 0.963294 0.000000 0.268449 0.400000 0.400000 0.400000
3668.406494 0.000000 2492.764648 0.000000 0.526013 0.000000 -0.850476 0.400000 0.400000 0.400000
3651.186035 0.000000 2475.920166 0.000000 0.786902 0.000000 -0.617079 0.400000 0.400000 0.400000
3647.148438 0.000000 2483.069824 0.000000 0.721012 0.000000 0.692922 0.400000 0.400000 0.400000
3643.320068 0.000000 2480.162109 0.000000 0.850214 0.000000 0.526437 0.400000 0.400000 0.400000
3651.491455 0.000000 2492.921631 0.000000 0.929234 0.000000 0.369492 0.400000 0.400000 0.400000
3645.941162 0.000000 2489.067139 0.000000 0.963153 0.000000 -0.268953 0.400000 0.400000 0.400000
3666.970947 0.000000 2463.408691 0.000000 0.563590 0.000000 -0.826055 0.400000 0.400000 0.400000
3659.360840 0.000000 2492.459473 0.000000 0.820015 0.000000 -0.572343 0.400000 0.400000 0.400000
3647.666260 0.000000 2473.838135 0.000000 0.955382 0.000000 -0.295374 0.400000 0.400000 0.400000
3657.747070 0.000000 2469.317383 0.000000 0.340162 0.000000 -0.940367 0.400000 0.400000 0.400000
3663.820557 0.000000 2469.273193 0.000000 0.817043 0.000000 -0.576576 0.400000 0.400000 0.400000
3648.168701 0.000000 2470.116943 0.000000 0.656239 0.000000 0.754553 0.400000 0.400000 0.400000
3669.610596 0.000000 2471.651367 0.000000 0.987823 0.000000 0.155579 0.400000 0.400000 0.400000
3683.410889 0.000000 2446.680664 0.000000 0.398003 0.000000 0.917384 0.400000 0.400000 0.400000
3675.674805 0.000000 2450.647217 0.000000 0.492354 0.000000 -0.870395 0.400000 0.400000 0.400000
3671.240479 0.000000 2443.065186 0.000000 0.612379 0.000000 -0.790564 0.400000 0.400000 0.400000
3679.620361 0.000000 2443.645508 0.000000 0.787230 0.000000 -0.616659 0.400000 0.400000 0.400000
3675.325684 0.000000 2441.194580 0.000000 0.909961 0.000000 -0.414694 0.400000 0.400000 0.400000
3679.312256 0.000000 2448.169922 0.000000 0.639965 0.000000 0.768404 0.400000 0.400000 0.400000
3671.229736 0.000000 2449.275391 0.000000 0.127913 0.000000 -0.991785 0.400000 0.400000 0.400000
3687.483643 0.000000 2460.929443 0.000000 0.839275 0.000000 -0.543708 0.400000 0.400000 0.400000
3675.323486 0.000000 2455.526855 0.000000 0.793141 0.000000 0.609037 0.400000 0.400000 0.400000
3681.933350 0.000000 2457.074951 0.000000 0.083203 0.000000 -0.996533 0.400000 0.400000 0.400000
3679.222656 0.000000 2462.101562 0.000000 0.596836 0.000000 0.802363 0.400000 0.400000 0.400000
3692.120850 0.000000 2472.957275 0.000000 0.914029 0.000000 -0.405649 0.400000 0.400000 0.400000
3689.972168 0.000000 2467.599609 0.000000 0.239066 0.000000 -0.971003 0.400000 0.400000 0.400000
3687.178223 0.000000 2475.920166 0.000000 0.284016 0.000000 0.958820 0.400000 0.400000 0.400000
3679.620361 0.000000 2475.637695 0.000000 0.044870 0.000000 0.998993 0.400000 0.400000 0.400000
3675.325684 0.000000 2473.186768 0.000000 0.978290 0.000000 -0.207242 0.400000 0.400000 0.400000
3683.140625 0.000000 2483.069824 0.000000 0.796316 0.000000 0.604881 0.400000 0.400000 0.400000
3679.312256 0.000000 2480.162109 0.000000 0.985007 0.000000 0.172514 0.400000 0.400000 0.400000
3671.229736 0.000000 2481.267578 0.000000 0.236404 0.000000 -0.971655 0.400000 0.400000 0.400000
3687.483643 0.000000 2492.921631 0.000000 0.890834 0.000000 0.454328 0.400000 0.400000 0.400000
3675.323486 0.000000 2487.519043 0.000000 0.175314 0.000000 0.984513 0.400000 0.400000 0.400000
3681.933350 0.000000 2489.067139 0.000000 0.841680 0.000000 0.539976 0.400000 0.400000 0.400000
3695.353027 0.000000 2492.459473 0.000000 0.779266 0.000000 -0.626694 0.400000 0.400000 0.400000
3683.658447 0.000000 2473.838135 0.000000 0.584617 0.000000 0.811310 0.400000 0.400000 0.400000
3691.165283 0.000000 2481.702148 0.000000 0.652247 0.000000 0.758007 0.400000 0.400000 0.400000
3694.039062 0.000000 2488.803955 0.000000 0.636221 0.000000 0.771507 0.400000 0.400000 0.400000
3684.160889 0.000000 2470.116943 0.000000 0.784558 0.000000 0.620055 0.400000 0.400000 0.400000
3689.238525 0.000000 2485.015625 0.000000 0.120616 0.000000 0.992699 0.400000 0.400000 0.400000
3674.928711 0.000000 2464.001221 0.000000 0.699350 0.000000 0.714779 0.400000 0.400000 0.400000
3732.835938 0.000000 2471.827393 0.000000 0.703430 0.000000 -0.710765 0.400000 0.400000 0.400000
3740.185547 0.000000 2486.320068 0.000000 0.149928 0.000000 -0.988697 0.400000 0.400000 0.400000
3728.726074 0.000000 2485.251465 0.000000 0.266797 0.000000 -0.963753 0.400000 0.400000 0.400000
3734.353027 0.000000 2495.366455 0.000000 0.943617 0.000000 -0.331038 0.400000 0.400000 0.400000
3740.392578 0.000000 2467.578369 0.000000 0.364666 0.000000 -0.931139 0.400000 0.400000 0.400000
3727.291260 0.000000 2477.979980 0.000000 0.972068 0.000000 0.234699 0.400000 0.400000 0.400000
3734.009521 0.000000 2481.386475 0.000000 0.658768 0.000000 0.752346 0.400000 0.400000 0.400000
3727.360352 0.000000 2491.501953 0.000000 0.244987 0.000000 0.969526 0.400000 0.400000 0.400000
3733.740479 0.000000 2489.138672 0.000000 0.373909 0.000000 -0.927465 0.400000 0.400000 0.400000
3735.429199 0.000000 2465.330322 0.000000 0.893795 0.000000 0.448476 0.400000 0.400000 0.400000
3738.646484 0.000000 2482.086670 0.000000 0.999751 0.000000 -0.022327 0.400000 0.400000 0.400000
3735.514160 0.000000 2485.306396 0.000000 0.575489 0.000000 -0.817810 0.400000 0.400000 0.400000
3653.979980 0.000000 2499.591797 0.000000 0.008095 0.000000 0.999967 0.400000 0.400000 0.400000
3643.628174 0.000000 2507.629883 0.000000 0.494934 0.000000 -0.868930 0.400000 0.400000 0.400000
3666.970947 0.000000 2495.400879 0.000000 0.126988 0.000000 0.991904 0.400000 0.400000 0.400000
3647.666260 0.000000 2505.830322 0.000000 0.284866 0.000000 0.958567 0.400000 0.400000 0.400000
3657.747070 0.000000 2501.309570 0.000000 0.756831 0.000000 0.653610 0.400000 0.400000 0.400000
3663.820557 0.000000 2501.265381 0.000000 0.984173 0.000000 -0.177210 0.400000 0.400000 0.400000
3648.168701 0.000000 2502.109131 0.000000 0.233155 0.000000 0.972440 0.400000 0.400000 0.400000
3669.610596 0.000000 2503.643555 0.000000 0.990712 0.000000 -0.135975 0.400000 0.400000 0.400000
3638.936523 0.000000 2495.993408 0.000000 0.907381 0.000000 -0.420308 0.400000 0.400000 0.400000
3692.733887 0.000000 2517.243652 0.000000 0.827331 0.000000 -0.561715 0.400000 0.400000 0.400000
3703.540283 0.000000 2509.605957 0.000000 0.985584 0.000000 -0.169184 0.400000 0.400000 0.400000
3675.541260 0.000000 2509.536133 0.000000 0.847971 0.000000 -0.530042 0.400000 0.400000 0.400000
3686.386475 0.000000 2519.107422 0.000000 0.088414 0.000000 -0.996084 0.400000 0.400000 0.400000
3697.748291 0.000000 2521.130859 0.000000 0.887721 0.000000 0.460381 0.400000 0.400000 0.400000
3698.888916 0.000000 2508.239258 0.000000 0.006375 0.000000 0.999980 0.400000 0.400000 0.400000
3702.654297 0.000000 2514.078857 0.000000 0.028516 0.000000 -0.999593 0.400000 0.400000 0.400000
3687.178223 0.000000 2507.912354 0.000000 0.970186 0.000000 0.242361 0.400000 0.400000 0.400000
3679.620361 0.000000 2507.629883 0.000000 0.436241 0.000000 -0.899830 0.400000 0.400000 0.400000
3675.325684 0.000000 2505.178955 0.000000 0.663428 0.000000 0.748240 0.400000 0.400000 0.400000
3683.140625 0.000000 2515.062012 0.000000 0.022354 0.000000 -0.999750 0.400000 0.400000 0.400000
3679.312256 0.000000 2512.154297 0.000000 0.297496 0.000000 0.954723 0.400000 0.400000 0.400000
3695.353027 0.000000 2524.451660 0.000000 0.725528 0.000000 0.688193 0.400000 0.400000 0.400000
3683.658447 0.000000 2505.830322 0.000000 0.683081 0.000000 0.730343 0.400000 0.400000 0.400000
3700.565918 0.000000 2523.908203 0.000000 0.379829 0.000000 -0.925057 0.400000 0.400000 0.400000
3693.739258 0.000000 2501.309570 0.000000 0.994168 0.000000 0.107845 0.400000 0.400000 0.400000
3684.160889 0.000000 2502.109131 0.000000 0.879532 0.000000 0.475839 0.400000 0.400000 0.400000
3689.238525 0.000000 2517.007812 0.000000 0.269841 0.000000 0.962905 0.400000 0.400000 0.400000
3674.928711 0.000000 2495.993408 0.000000 0.247623 0.000000 -0.968857 0.400000 0.400000 0.400000
3734.353027 0.000000 2527.358643 0.000000 0.997594 0.000000 -0.069328 0.400000 0.400000 0.400000
3709.786377 0.000000 2526.234375 0.000000 0.585207 0.000000 -0.810884 0.400000 0.400000 0.400000
3729.952393 0.000000 2497.334961 0.000000 0.179167 0.000000 -0.983819 0.400000 0.400000 0.400000
3735.429199 0.000000 2497.322510 0.000000 0.806937 0.000000 -0.590638 0.400000 0.400000 0.400000
3707.497803 0.000000 2522.203857 0.000000 0.814250 0.000000 0.580515 0.400000 0.400000 0.400000
3707.221924 0.000000 2513.259766 0.000000 0.897832 0.000000 0.440338 0.400000 0.400000 0.400000
3738.955322 0.000000 2495.400879 0.000000 0.286756 0.000000 -0.958004 0.400000 0.400000 0.400000
3704.400391 0.000000 2531.562744 0.000000 0.999962 0.000000 0.008669 0.400000 0.400000 0.400000
3699.812744 0.000000 2533.257568 0.000000 0.662503 0.000000 0.749060 0.400000 0.400000 0.400000
3723.584961 0.000000 2527.412354 0.000000 0.775211 0.000000 0.631702 0.400000 0.400000 0.400000
3729.952393 0.000000 2529.327148 0.000000 0.501800 0.000000 -0.864984 0.400000 0.400000 0.400000
3817.762939 0.000000 2430.257812 0.000000 0.966310 0.000000 0.257381 0.400000 0.400000 0.400000
3754.979736 0.000000 2460.929443 0.000000 0.901392 0.000000 -0.433005 0.400000 0.400000 0.400000
3812.169922 0.000000 2454.327881 0.000000 0.917846 0.000000 -0.396938 0.400000 0.400000 0.400000
3800.710449 0.000000 2453.259277 0.000000 0.878693 0.000000 -0.477388 0.400000 0.400000 0.400000
3768.828125 0.000000 2471.827393 0.000000 0.578725 0.000000 -0.815523 0.400000 0.400000 0.400000
3743.969482 0.000000 2470.384521 0.000000 0.714571 0.000000 0.699563 0.400000 0.400000 0.400000
3775.524658 0.000000 2477.613770 0.000000 0.875061 0.000000 -0.484013 0.400000 0.400000 0.400000
3776.383057 0.000000 2492.764648 0.000000 0.509814 0.000000 0.860285 0.400000 0.400000 0.400000
3765.723633 0.000000 2469.317383 0.000000 0.401894 0.000000 0.915686 0.400000 0.400000 0.400000
3779.886963 0.000000 2485.454346 0.000000 0.458139 0.000000 -0.888880 0.400000 0.400000 0.400000
3826.964111 0.000000 2460.929443 0.000000 0.994249 0.000000 -0.107092 0.400000 0.400000 0.400000
3815.953857 0.000000 2438.392334 0.000000 0.263100 0.000000 0.964769 0.400000 0.400000 0.400000
3848.162109 0.000000 2454.327881 0.000000 0.112725 0.000000 -0.993626 0.400000 0.400000 0.400000
3827.379639 0.000000 2446.680664 0.000000 0.639757 0.000000 0.768577 0.400000 0.400000 0.400000
3815.879150 0.000000 2453.462158 0.000000 0.976885 0.000000 -0.213763 0.400000 0.400000 0.400000
3836.702637 0.000000 2453.259277 0.000000 0.953947 0.000000 0.299975 0.400000 0.400000 0.400000
3842.329590 0.000000 2463.374268 0.000000 0.810669 0.000000 -0.585505 0.400000 0.400000 0.400000
3817.762939 0.000000 2462.250000 0.000000 0.332022 0.000000 -0.943272 0.400000 0.400000 0.400000
3822.456543 0.000000 2431.938721 0.000000 0.980281 0.000000 0.197609 0.400000 0.400000 0.400000
3876.804688 0.000000 2439.835205 0.000000 0.187258 0.000000 0.982311 0.400000 0.400000 0.400000
3851.871338 0.000000 2453.462158 0.000000 0.628247 0.000000 -0.778014 0.400000 0.400000 0.400000
3872.694824 0.000000 2453.259277 0.000000 0.392979 0.000000 0.919547 0.400000 0.400000 0.400000
3853.755127 0.000000 2462.250000 0.000000 0.425458 0.000000 0.904978 0.400000 0.400000 0.400000
3840.812500 0.000000 2471.827393 0.000000 0.563469 0.000000 -0.826137 0.400000 0.400000 0.400000
3815.953857 0.000000 2470.384521 0.000000 0.351265 0.000000 0.936276 0.400000 0.400000 0.400000
3827.379639 0.000000 2478.672852 0.000000 0.512682 0.000000 -0.858579 0.400000 0.400000 0.400000
3831.561523 0.000000 2463.427979 0.000000 0.999804 0.000000 -0.019818 0.400000 0.400000 0.400000
3822.456543 0.000000 2463.930908 0.000000 0.498403 0.000000 0.866946 0.400000 0.400000 0.400000
3759.577148 0.000000 2495.420166 0.000000 0.670873 0.000000 0.741573 0.400000 0.400000 0.400000
3752.557373 0.000000 2503.281738 0.000000 0.504348 0.000000 0.863500 0.400000 0.400000 0.400000
3743.518799 0.000000 2497.050049 0.000000 0.918768 0.000000 -0.394797 0.400000 0.400000 0.400000
3764.105225 0.000000 2504.949463 0.000000 0.808532 0.000000 -0.588452 0.400000 0.400000 0.400000
3761.956543 0.000000 2499.591797 0.000000 0.461955 0.000000 0.886904 0.400000 0.400000 0.400000
3759.162598 0.000000 2507.912354 0.000000 0.424064 0.000000 -0.905632 0.400000 0.400000 0.400000
3747.310059 0.000000 2505.178955 0.000000 0.495881 0.000000 0.868391 0.400000 0.400000 0.400000
3765.723633 0.000000 2501.309570 0.000000 0.740784 0.000000 0.671743 0.400000 0.400000 0.400000
"}
