object={
	name="tree_palm_generator_1_0"
	clamp_to_water_level=no
	render_under_water=no
	generated_content=yes
	layer="tree_high_layer"
	pdxmesh="tree_palm_01_a_mesh"
	count=90
	transform="844.102112 0.000000 999.966064 0.000000 0.266595 0.000000 -0.963809 0.778208 0.778208 0.778208
840.778137 0.000000 998.476257 0.000000 0.255023 0.000000 -0.966935 0.723862 0.723862 0.723862
846.935730 0.000000 998.950012 0.000000 0.638035 0.000000 0.770007 0.664368 0.664368 0.664368
843.122192 0.000000 997.641418 0.000000 0.839023 0.000000 0.544096 0.676675 0.676675 0.676675
845.267822 0.000000 997.730713 0.000000 0.842601 0.000000 -0.538539 0.731803 0.731803 0.731803
345.460449 0.000000 1333.532715 0.000000 0.243841 0.000000 0.969815 0.685186 0.685186 0.685186
350.743988 0.000000 1329.667725 0.000000 0.863342 0.000000 0.504620 0.691126 0.691126 0.691126
340.164764 0.000000 1330.280762 0.000000 0.998651 0.000000 -0.051925 0.700508 0.700508 0.700508
371.714111 0.000000 1341.202881 0.000000 0.942377 0.000000 -0.334552 0.701431 0.701431 0.701431
375.897003 0.000000 1324.201294 0.000000 0.838667 0.000000 -0.544644 0.711273 0.711273 0.711273
336.137421 0.000000 1390.938599 0.000000 0.577374 0.000000 -0.816480 0.704007 0.704007 0.704007
340.211487 0.000000 1383.872314 0.000000 0.334329 0.000000 0.942457 0.693122 0.693122 0.693122
344.025543 0.000000 1390.245605 0.000000 0.670277 0.000000 0.742111 0.680126 0.680126 0.680126
333.299530 0.000000 1383.555176 0.000000 0.822538 0.000000 -0.568711 0.703383 0.703383 0.703383
350.743988 0.000000 1393.652100 0.000000 0.194073 0.000000 -0.980987 0.726922 0.726922 0.726922
351.615387 0.000000 1388.512573 0.000000 0.949928 0.000000 -0.312468 0.707109 0.707109 0.707109
348.244232 0.000000 1390.590454 0.000000 0.999915 0.000000 0.013072 0.699653 0.699653 0.699653
343.891907 0.000000 1393.967773 0.000000 0.977039 0.000000 0.213058 0.696098 0.696098 0.696098
336.887482 0.000000 1382.382568 0.000000 0.222510 0.000000 0.974930 0.654823 0.654823 0.654823
353.215332 0.000000 1391.370117 0.000000 0.888832 0.000000 0.458234 0.688021 0.688021 0.688021
340.986237 0.000000 1391.168701 0.000000 0.999319 0.000000 0.036897 0.698710 0.698710 0.698710
376.311523 0.000000 1343.701294 0.000000 0.989407 0.000000 0.145165 0.699389 0.699389 0.699389
393.119080 0.000000 1347.851807 0.000000 0.870815 0.000000 -0.491611 0.708622 0.708622 0.708622
408.121796 0.000000 1358.946411 0.000000 0.009761 0.000000 0.999952 0.660716 0.660716 0.660716
412.195862 0.000000 1351.880127 0.000000 0.982575 0.000000 -0.185864 0.702352 0.702352 0.702352
411.097504 0.000000 1367.388794 0.000000 0.576244 0.000000 -0.817278 0.706687 0.706687 0.706687
412.149139 0.000000 1362.272949 0.000000 0.904273 0.000000 -0.426955 0.706167 0.706167 0.706167
411.889191 0.000000 1356.193481 0.000000 0.502316 0.000000 0.864684 0.675175 0.675175 0.675175
408.369293 0.000000 1354.111450 0.000000 0.086628 0.000000 -0.996241 0.726973 0.726973 0.726973
840.028015 0.000000 1103.008911 0.000000 0.937328 0.000000 -0.348447 0.707464 0.707464 0.707464
844.209961 0.000000 1087.763794 0.000000 0.858414 0.000000 -0.512958 0.710543 0.710543 0.710543
844.102112 0.000000 1095.942627 0.000000 0.676235 0.000000 -0.736686 0.715052 0.715052 0.715052
846.589294 0.000000 1091.935669 0.000000 0.739711 0.000000 0.672925 0.672136 0.672136 0.672136
843.795471 0.000000 1100.255981 0.000000 0.184760 0.000000 0.982784 0.669020 0.669020 0.669020
840.275513 0.000000 1098.173950 0.000000 0.505662 0.000000 -0.862732 0.739282 0.739282 0.739282
838.936951 0.000000 1100.530151 0.000000 0.975297 0.000000 -0.220897 0.708096 0.708096 0.708096
803.620361 0.000000 1149.249756 0.000000 0.462067 0.000000 -0.886845 0.703049 0.703049 0.703049
801.197998 0.000000 1127.617676 0.000000 0.990699 0.000000 -0.136074 0.705152 0.705152 0.705152
798.561951 0.000000 1147.065552 0.000000 0.704107 0.000000 -0.710094 0.707728 0.707728 0.707728
796.905823 0.000000 1124.788452 0.000000 0.946453 0.000000 0.322842 0.694945 0.694945 0.694945
800.245483 0.000000 1131.965820 0.000000 0.979546 0.000000 -0.201222 0.703399 0.703399 0.703399
800.630249 0.000000 1124.386597 0.000000 0.044662 0.000000 -0.999002 0.746940 0.746940 0.746940
798.220825 0.000000 1127.509644 0.000000 0.266783 0.000000 -0.963757 0.745463 0.745463 0.745463
860.157410 0.000000 1133.942017 0.000000 0.206004 0.000000 0.978551 0.680940 0.680940 0.680940
859.271545 0.000000 1138.414673 0.000000 0.974494 0.000000 0.224415 0.696203 0.696203 0.696203
856.430054 0.000000 1125.601440 0.000000 0.047925 0.000000 -0.998851 0.734065 0.734065 0.734065
862.316223 0.000000 1139.999390 0.000000 0.892390 0.000000 0.451264 0.685600 0.685600 0.685600
855.958740 0.000000 1129.611938 0.000000 0.871855 0.000000 -0.489763 0.718604 0.718604 0.718604
861.007874 0.000000 1136.454346 0.000000 0.988143 0.000000 0.153538 0.694397 0.694397 0.694397
791.637756 0.000000 1169.146729 0.000000 0.381873 0.000000 -0.924215 0.719779 0.719779 0.719779
787.287170 0.000000 1170.406860 0.000000 0.014259 0.000000 -0.999898 0.736994 0.736994 0.736994
790.331848 0.000000 1171.991577 0.000000 0.356928 0.000000 0.934132 0.662912 0.662912 0.662912
792.535339 0.000000 1173.774536 0.000000 0.777593 0.000000 0.628768 0.685740 0.685740 0.685740
792.159485 0.000000 1153.378174 0.000000 0.250723 0.000000 0.968059 0.685266 0.685266 0.685266
791.854797 0.000000 1169.587769 0.000000 0.973233 0.000000 0.229822 0.696110 0.696110 0.696110
795.553711 0.000000 1152.321655 0.000000 0.843303 0.000000 -0.537439 0.715072 0.715072 0.715072
916.194336 0.000000 1023.779419 0.000000 0.904416 0.000000 -0.426652 0.705546 0.705546 0.705546
911.638977 0.000000 1026.949219 0.000000 0.102164 0.000000 0.994768 0.669205 0.669205 0.669205
915.277710 0.000000 1027.129395 0.000000 0.980797 0.000000 -0.195030 0.706037 0.706037 0.706037
863.839172 0.000000 1137.595581 0.000000 0.638540 0.000000 0.769589 0.666850 0.666850 0.666850
1127.550049 0.000000 1053.273193 0.000000 0.631298 0.000000 -0.775540 0.731022 0.731022 0.731022
1141.398560 0.000000 1032.178955 0.000000 0.135629 0.000000 -0.990760 0.714041 0.714041 0.714041
1132.039673 0.000000 1031.958252 0.000000 0.606365 0.000000 -0.795187 0.707712 0.707712 0.707712
1124.083252 0.000000 1045.832642 0.000000 0.941480 0.000000 0.337070 0.691829 0.691829 0.691829
1122.491699 0.000000 1051.088989 0.000000 0.325883 0.000000 0.945410 0.687876 0.687876 0.687876
1136.675537 0.000000 1033.308716 0.000000 0.171699 0.000000 0.985150 0.674587 0.674587 0.674587
1126.488037 0.000000 1049.418701 0.000000 0.961069 0.000000 0.276309 0.695695 0.695695 0.695695
1138.293945 0.000000 1029.668945 0.000000 0.849700 0.000000 0.527266 0.686024 0.686024 0.686024
1129.773438 0.000000 1050.687134 0.000000 0.915024 0.000000 0.403400 0.691292 0.691292 0.691292
1134.873291 0.000000 1030.942261 0.000000 0.038003 0.000000 -0.999278 0.742859 0.742859 0.742859
1088.091064 0.000000 1109.817017 0.000000 0.986602 0.000000 -0.163144 0.704124 0.704124 0.704124
1084.237305 0.000000 1106.975464 0.000000 0.745347 0.000000 0.666677 0.691838 0.691838 0.691838
1127.550049 0.000000 1149.249756 0.000000 0.003898 0.000000 -0.999992 0.706572 0.706572 0.706572
1123.777344 0.000000 1150.421997 0.000000 0.184075 0.000000 0.982912 0.651569 0.651569 0.651569
1123.042603 0.000000 1152.251343 0.000000 0.785858 0.000000 -0.618407 0.718642 0.718642 0.718642
1137.288574 0.000000 1205.563965 0.000000 0.589389 0.000000 -0.807849 0.717093 0.717093 0.717093
1135.719971 0.000000 1202.014648 0.000000 0.112412 0.000000 0.993662 0.673498 0.673498 0.673498
1091.557861 0.000000 1405.187256 0.000000 0.923431 0.000000 0.383765 0.696145 0.696145 0.696145
1086.499512 0.000000 1403.003052 0.000000 0.982928 0.000000 0.183991 0.698189 0.698189 0.698189
1087.785156 0.000000 1406.359497 0.000000 0.556537 0.000000 -0.830823 0.734273 0.734273 0.734273
1055.607666 0.000000 1410.855469 0.000000 0.219214 0.000000 -0.975677 0.730193 0.730193 0.730193
1059.246460 0.000000 1411.035645 0.000000 0.841804 0.000000 -0.539783 0.713552 0.713552 0.713552
1087.050415 0.000000 1408.188843 0.000000 0.618830 0.000000 0.785525 0.687368 0.687368 0.687368
1156.088013 0.000000 1261.840820 0.000000 0.281613 0.000000 -0.959528 0.744924 0.744924 0.744924
1209.272949 0.000000 1301.540527 0.000000 0.995828 0.000000 0.091248 0.699617 0.699617 0.699617
1202.925659 0.000000 1303.404419 0.000000 0.687394 0.000000 0.726285 0.690908 0.690908 0.690908
1203.977295 0.000000 1298.288574 0.000000 0.922596 0.000000 0.385767 0.689480 0.689480 0.689480
1205.777710 0.000000 1301.304688 0.000000 0.431831 0.000000 0.901955 0.660705 0.660705 0.660705
1202.315430 0.000000 1300.605957 0.000000 0.973407 0.000000 0.229083 0.693214 0.693214 0.693214
1160.075439 0.000000 1365.754517 0.000000 0.675905 0.000000 -0.736988 0.708109 0.708109 0.708109
"}
