object={
	name="tree_leaf_2_high_generator_1_0"
	clamp_to_water_level=no
	render_under_water=no
	generated_content=yes
	layer="tree_high_layer"
	pdxmesh="tree_leaf_01_a_mesh"
	count=76
	transform="516.098328 0.000000 1198.985474 0.000000 0.991672 0.000000 0.128788 0.596711 0.596711 0.596711
516.345825 0.000000 1194.150513 0.000000 0.632768 0.000000 -0.774341 0.654394 0.654394 0.654394
489.429199 0.000000 1269.548340 0.000000 0.829084 0.000000 -0.559125 0.640883 0.640883 0.640883
500.235535 0.000000 1261.910767 0.000000 0.978917 0.000000 -0.204257 0.610168 0.610168 0.610168
483.081879 0.000000 1271.412231 0.000000 0.327428 0.000000 0.944876 0.568495 0.568495 0.568495
484.133514 0.000000 1266.296387 0.000000 0.612244 0.000000 0.790669 0.579511 0.579511 0.579511
484.179016 0.000000 1277.218384 0.000000 0.958961 0.000000 0.283537 0.580191 0.580191 0.580191
492.212982 0.000000 1262.621704 0.000000 0.410593 0.000000 -0.911819 0.639541 0.639541 0.639541
487.874664 0.000000 1279.145508 0.000000 0.561369 0.000000 -0.827566 0.651104 0.651104 0.651104
491.451630 0.000000 1265.590088 0.000000 0.939301 0.000000 -0.343094 0.614689 0.614689 0.614689
502.772278 0.000000 1262.572144 0.000000 0.464427 0.000000 0.885612 0.529933 0.529933 0.529933
515.682861 0.000000 1245.226318 0.000000 0.646148 0.000000 -0.763212 0.654626 0.654626 0.654626
511.175354 0.000000 1248.227905 0.000000 0.998494 0.000000 -0.054865 0.600329 0.600329 0.600329
503.917297 0.000000 1265.564331 0.000000 0.580571 0.000000 0.814209 0.570073 0.570073 0.570073
504.869415 0.000000 1262.346558 0.000000 0.963443 0.000000 0.267912 0.588624 0.588624 0.588624
493.539154 0.000000 1288.116455 0.000000 0.874263 0.000000 0.485453 0.582537 0.582537 0.582537
495.056030 0.000000 1311.655396 0.000000 0.122813 0.000000 -0.992430 0.693246 0.693246 0.693246
484.180237 0.000000 1287.895752 0.000000 0.140093 0.000000 -0.990138 0.674984 0.674984 0.674984
501.093872 0.000000 1309.053833 0.000000 0.232041 0.000000 0.972706 0.581981 0.581981 0.581981
499.349670 0.000000 1298.375610 0.000000 0.899723 0.000000 0.436462 0.590528 0.590528 0.590528
496.217346 0.000000 1301.595459 0.000000 0.587337 0.000000 0.809343 0.539258 0.539258 0.539258
492.048309 0.000000 1308.748657 0.000000 0.959313 0.000000 0.282345 0.592711 0.592711 0.592711
492.212982 0.000000 1294.613892 0.000000 0.281436 0.000000 0.959580 0.505646 0.505646 0.505646
497.261139 0.000000 1308.205078 0.000000 0.451525 0.000000 0.892259 0.512486 0.512486 0.512486
490.434570 0.000000 1285.606445 0.000000 0.566213 0.000000 -0.824259 0.623221 0.623221 0.623221
492.706696 0.000000 1300.418457 0.000000 0.926029 0.000000 0.377451 0.584346 0.584346 0.584346
491.961334 0.000000 1291.116455 0.000000 0.644936 0.000000 -0.764236 0.672967 0.672967 0.672967
497.184082 0.000000 1295.393555 0.000000 0.305451 0.000000 0.952208 0.552801 0.552801 0.552801
498.776825 0.000000 1310.692261 0.000000 0.519082 0.000000 -0.854725 0.641456 0.641456 0.641456
489.467529 0.000000 1291.782593 0.000000 0.964584 0.000000 -0.263777 0.615194 0.615194 0.615194
494.787537 0.000000 1295.009399 0.000000 0.831716 0.000000 -0.555201 0.639676 0.639676 0.639676
496.444519 0.000000 1306.151245 0.000000 0.083690 0.000000 0.996492 0.481946 0.481946 0.481946
493.511597 0.000000 1292.878052 0.000000 0.407729 0.000000 -0.913103 0.691365 0.691365 0.691365
494.765045 0.000000 1299.872070 0.000000 0.990215 0.000000 0.139547 0.588046 0.588046 0.588046
500.235535 0.000000 1325.895142 0.000000 0.824165 0.000000 -0.566350 0.639682 0.639682 0.639682
501.095642 0.000000 1315.859619 0.000000 0.997265 0.000000 0.073906 0.598781 0.598781 0.598781
494.712738 0.000000 1329.667725 0.000000 0.192082 0.000000 -0.981379 0.682537 0.682537 0.682537
496.132446 0.000000 1313.611694 0.000000 0.494258 0.000000 -0.869315 0.672613 0.672613 0.672613
498.782928 0.000000 1320.746704 0.000000 0.757090 0.000000 0.653311 0.520016 0.520016 0.520016
499.658539 0.000000 1311.689819 0.000000 0.918810 0.000000 -0.394699 0.616410 0.616410 0.616410
492.212982 0.000000 1326.606079 0.000000 0.297524 0.000000 -0.954714 0.664614 0.664614 0.664614
496.508148 0.000000 1317.554565 0.000000 0.539218 0.000000 0.842166 0.486011 0.486011 0.486011
493.484802 0.000000 1315.757812 0.000000 0.183582 0.000000 0.983004 0.543938 0.543938 0.543938
498.479370 0.000000 1323.572144 0.000000 0.756493 0.000000 -0.654002 0.670476 0.670476 0.670476
498.396912 0.000000 1315.493164 0.000000 0.749455 0.000000 0.662056 0.564233 0.564233 0.564233
494.787537 0.000000 1327.001587 0.000000 0.894589 0.000000 0.446890 0.563914 0.563914 0.563914
500.813843 0.000000 1321.951904 0.000000 0.858785 0.000000 -0.512336 0.636258 0.636258 0.636258
497.438904 0.000000 1311.723267 0.000000 0.425391 0.000000 0.905010 0.516957 0.516957 0.516957
495.533264 0.000000 1319.560913 0.000000 0.972603 0.000000 0.232474 0.569776 0.569776 0.569776
495.613007 0.000000 1315.603760 0.000000 0.998414 0.000000 0.056294 0.595360 0.595360 0.595360
497.436157 0.000000 1325.320679 0.000000 0.791313 0.000000 0.611411 0.535949 0.535949 0.535949
496.761047 0.000000 1323.201294 0.000000 0.309556 0.000000 -0.950881 0.742994 0.742994 0.742994
497.750061 0.000000 1321.934814 0.000000 0.130338 0.000000 -0.991470 0.804929 0.804929 0.804929
531.048218 0.000000 1407.631958 0.000000 0.946578 0.000000 0.322474 0.584753 0.584753 0.584753
537.086060 0.000000 1405.030396 0.000000 0.968042 0.000000 -0.250787 0.603038 0.603038 0.603038
532.209534 0.000000 1397.572021 0.000000 0.812533 0.000000 0.582915 0.587882 0.587882 0.587882
533.253296 0.000000 1404.181641 0.000000 0.819969 0.000000 -0.572408 0.643819 0.643819 0.643819
534.769043 0.000000 1406.668823 0.000000 0.867887 0.000000 0.496762 0.575081 0.575081 0.575081
530.639038 0.000000 1404.352783 0.000000 0.918257 0.000000 -0.395984 0.621955 0.621955 0.621955
542.473816 0.000000 1406.507812 0.000000 0.683441 0.000000 -0.730005 0.635548 0.635548 0.635548
532.124634 0.000000 1409.588257 0.000000 0.920594 0.000000 -0.390520 0.625841 0.625841 0.625841
535.650757 0.000000 1407.666382 0.000000 0.602597 0.000000 -0.798046 0.644293 0.644293 0.644293
538.290161 0.000000 1415.909180 0.000000 0.843473 0.000000 0.537172 0.555829 0.555829 0.555829
534.389099 0.000000 1411.469727 0.000000 0.674508 0.000000 0.738267 0.536555 0.536555 0.536555
540.664673 0.000000 1414.642334 0.000000 0.643937 0.000000 -0.765078 0.653503 0.653503 0.653503
540.590027 0.000000 1429.712036 0.000000 0.779812 0.000000 -0.626014 0.609119 0.609119 0.609119
544.354431 0.000000 1426.897339 0.000000 0.943300 0.000000 -0.331943 0.605575 0.605575 0.605575
539.920166 0.000000 1419.315308 0.000000 0.910535 0.000000 0.413432 0.589146 0.589146 0.589146
544.005371 0.000000 1417.444580 0.000000 0.970149 0.000000 -0.242510 0.611008 0.611008 0.611008
544.003174 0.000000 1431.776855 0.000000 0.914730 0.000000 0.404065 0.568223 0.568223 0.568223
543.371155 0.000000 1435.337524 0.000000 0.830136 0.000000 0.557561 0.567220 0.567220 0.567220
545.544983 0.000000 1429.548218 0.000000 0.847336 0.000000 0.531057 0.574003 0.574003 0.574003
542.571228 0.000000 1419.740112 0.000000 0.733810 0.000000 0.679354 0.553011 0.553011 0.553011
545.821411 0.000000 1419.246948 0.000000 0.744568 0.000000 -0.667547 0.650363 0.650363 0.650363
585.244873 0.000000 1159.609863 0.000000 0.215342 0.000000 -0.976539 0.642584 0.642584 0.642584
584.677124 0.000000 1156.378784 0.000000 0.952472 0.000000 0.304625 0.581917 0.581917 0.581917
"}
object={
	name="tree_leaf_2_high_generator_1_1"
	clamp_to_water_level=no
	render_under_water=no
	generated_content=yes
	layer="tree_high_layer"
	pdxmesh="tree_leaf_01_b_mesh"
	count=66
	transform="565.523560 0.000000 1160.147705 0.000000 0.612787 0.000000 0.790248 0.587716 0.587716 0.587716
562.639893 0.000000 1153.663086 0.000000 0.930258 0.000000 -0.366905 0.604502 0.604502 0.604502
560.800598 0.000000 1161.277466 0.000000 0.244681 0.000000 -0.969604 0.621809 0.621809 0.621809
562.418945 0.000000 1157.637695 0.000000 0.018960 0.000000 -0.999820 0.709253 0.709253 0.709253
519.865784 0.000000 1196.232544 0.000000 0.995207 0.000000 0.097789 0.595599 0.595599 0.595599
494.712738 0.000000 1265.683350 0.000000 0.379239 0.000000 -0.925299 0.679663 0.679663 0.679663
488.063354 0.000000 1275.798828 0.000000 0.432696 0.000000 -0.901540 0.633653 0.633653 0.633653
503.700256 0.000000 1265.123291 0.000000 0.492146 0.000000 0.870513 0.566774 0.566774 0.566774
485.933899 0.000000 1269.312500 0.000000 0.828068 0.000000 0.560627 0.575039 0.575039 0.575039
502.649597 0.000000 1259.482300 0.000000 0.752914 0.000000 -0.658119 0.623672 0.623672 0.623672
486.211060 0.000000 1272.836914 0.000000 0.128041 0.000000 -0.991769 0.697228 0.697228 0.697228
484.422180 0.000000 1274.752441 0.000000 0.259879 0.000000 -0.965641 0.686202 0.686202 0.686202
503.927979 0.000000 1259.354370 0.000000 0.808402 0.000000 0.588630 0.579260 0.579260 0.579260
516.997437 0.000000 1247.837036 0.000000 0.360135 0.000000 0.932900 0.560376 0.560376 0.560376
500.888733 0.000000 1302.609131 0.000000 0.998696 0.000000 0.051046 0.599465 0.599465 0.599465
484.288086 0.000000 1279.716919 0.000000 0.805013 0.000000 0.593257 0.552433 0.552433 0.552433
494.712738 0.000000 1297.675537 0.000000 0.305866 0.000000 -0.952074 0.703802 0.703802 0.703802
494.443726 0.000000 1305.427734 0.000000 0.688108 0.000000 0.725608 0.548920 0.548920 0.548920
495.584137 0.000000 1292.536011 0.000000 0.053732 0.000000 0.998555 0.527283 0.527283 0.527283
488.816193 0.000000 1289.246216 0.000000 0.830242 0.000000 -0.557403 0.646054 0.646054 0.646054
486.667419 0.000000 1283.888794 0.000000 0.501129 0.000000 0.865372 0.531066 0.531066 0.531066
497.986053 0.000000 1304.695801 0.000000 0.568870 0.000000 0.822427 0.527675 0.527675 0.527675
483.371460 0.000000 1283.066895 0.000000 0.187317 0.000000 -0.982300 0.660050 0.660050 0.660050
487.013855 0.000000 1286.879761 0.000000 0.943378 0.000000 0.331718 0.573156 0.573156 0.573156
494.646851 0.000000 1308.376221 0.000000 0.037309 0.000000 0.999304 0.508118 0.508118 0.508118
496.842072 0.000000 1299.045410 0.000000 0.493501 0.000000 0.869745 0.543126 0.543126 0.543126
491.030396 0.000000 1288.270264 0.000000 0.224249 0.000000 -0.974532 0.686608 0.686608 0.686608
493.539154 0.000000 1320.108643 0.000000 0.955907 0.000000 -0.293671 0.622324 0.622324 0.622324
495.584137 0.000000 1324.528198 0.000000 0.120938 0.000000 0.992660 0.484919 0.484919 0.484919
503.700256 0.000000 1329.107666 0.000000 0.553132 0.000000 0.833094 0.574925 0.574925 0.574925
499.349670 0.000000 1330.367798 0.000000 0.777362 0.000000 0.629053 0.572485 0.572485 0.572485
502.649597 0.000000 1323.466675 0.000000 0.661023 0.000000 -0.750366 0.631779 0.631779 0.631779
497.184082 0.000000 1327.385742 0.000000 0.882416 0.000000 0.470470 0.552308 0.552308 0.552308
496.036865 0.000000 1321.565063 0.000000 0.998479 0.000000 -0.055140 0.607851 0.607851 0.607851
499.417603 0.000000 1318.089844 0.000000 0.113406 0.000000 -0.993549 0.752789 0.752789 0.752789
501.085999 0.000000 1328.407471 0.000000 0.167212 0.000000 0.985921 0.530658 0.530658 0.530658
494.045227 0.000000 1317.917114 0.000000 0.939123 0.000000 -0.343580 0.636775 0.636775 0.636775
494.224213 0.000000 1322.827881 0.000000 0.943050 0.000000 -0.332650 0.633018 0.633018 0.633018
497.629150 0.000000 1319.130127 0.000000 0.828871 0.000000 -0.559440 0.687155 0.687155 0.687155
504.672485 0.000000 1318.665771 0.000000 0.998271 0.000000 0.058776 0.599736 0.599736 0.599736
503.927979 0.000000 1323.338745 0.000000 0.353041 0.000000 -0.935608 0.645311 0.645311 0.645311
503.917297 0.000000 1329.548706 0.000000 0.928990 0.000000 0.370104 0.590346 0.590346 0.590346
530.435913 0.000000 1401.404297 0.000000 0.760784 0.000000 -0.649006 0.653956 0.653956 0.653956
528.040527 0.000000 1404.725220 0.000000 0.959461 0.000000 0.281841 0.593152 0.593152 0.593152
533.978210 0.000000 1400.672363 0.000000 0.773008 0.000000 -0.634397 0.633971 0.633971 0.633971
528.700317 0.000000 1399.070557 0.000000 0.977343 0.000000 -0.211660 0.609904 0.609904 0.609904
532.376282 0.000000 1406.068115 0.000000 0.125010 0.000000 0.992155 0.487410 0.487410 0.487410
537.087830 0.000000 1411.836182 0.000000 0.183123 0.000000 -0.983090 0.670621 0.670621 0.670621
534.775146 0.000000 1416.723267 0.000000 0.878791 0.000000 -0.477207 0.608197 0.608197 0.608197
532.500366 0.000000 1413.531128 0.000000 0.399462 0.000000 0.916750 0.561777 0.561777 0.561777
539.775513 0.000000 1412.168701 0.000000 0.091925 0.000000 0.995766 0.524688 0.524688 0.524688
533.431091 0.000000 1407.699829 0.000000 0.999981 0.000000 0.006197 0.599517 0.599517 0.599517
542.473816 0.000000 1438.500000 0.000000 0.183152 0.000000 -0.983085 0.649849 0.649849 0.649849
547.167542 0.000000 1408.188843 0.000000 0.911290 0.000000 -0.411765 0.606357 0.606357 0.606357
544.220886 0.000000 1421.801758 0.000000 0.894231 0.000000 0.447606 0.568022 0.568022 0.568022
548.208252 0.000000 1429.738892 0.000000 0.999952 0.000000 -0.009831 0.600074 0.600074 0.600074
546.616638 0.000000 1434.995239 0.000000 0.198949 0.000000 -0.980010 0.618476 0.618476 0.618476
540.214172 0.000000 1409.315674 0.000000 0.867574 0.000000 -0.497307 0.625729 0.625729 0.625729
544.960510 0.000000 1412.718140 0.000000 0.970570 0.000000 0.240819 0.595628 0.595628 0.595628
540.185425 0.000000 1434.469482 0.000000 0.934335 0.000000 -0.356396 0.616922 0.616922 0.616922
543.608398 0.000000 1408.259155 0.000000 0.713949 0.000000 0.700198 0.540743 0.540743 0.540743
542.067627 0.000000 1411.952148 0.000000 0.551878 0.000000 0.833925 0.545343 0.545343 0.545343
541.465515 0.000000 1417.112793 0.000000 0.991959 0.000000 -0.126558 0.608744 0.608744 0.608744
583.159729 0.000000 1152.251343 0.000000 0.710096 0.000000 0.704105 0.581278 0.581278 0.581278
587.709290 0.000000 1154.917969 0.000000 0.767940 0.000000 0.640522 0.580215 0.580215 0.580215
580.952698 0.000000 1156.780640 0.000000 0.503785 0.000000 -0.863829 0.629679 0.629679 0.629679
"}
