object={
	name="tree_leaf_01_single_generator_1_0"
	clamp_to_water_level=no
	render_under_water=no
	generated_content=yes
	layer="tree_high_layer"
	pdxmesh="tree_leaf_01_single_a_mesh"
	count=973
	transform="3770.345215 0.000000 1407.631958 0.000000 0.657717 0.000000 0.753265 0.489810 0.489810 0.489810
3769.732666 0.000000 1401.404297 0.000000 0.395610 0.000000 -0.918419 0.750857 0.750857 0.750857
3774.638672 0.000000 1394.352173 0.000000 0.980252 0.000000 0.197754 0.686085 0.686085 0.686085
3773.896484 0.000000 1396.782837 0.000000 0.970738 0.000000 0.240140 0.667367 0.667367 0.667367
3771.123779 0.000000 1399.728516 0.000000 0.727491 0.000000 -0.686117 0.854605 0.854605 0.854605
3768.412598 0.000000 1406.608643 0.000000 0.330181 0.000000 -0.943918 0.818637 0.818637 0.818637
3771.673096 0.000000 1406.068115 0.000000 0.220481 0.000000 -0.975391 1.032280 1.032280 1.032280
3775.675537 0.000000 1396.148682 0.000000 0.487095 0.000000 -0.873349 1.004384 1.004384 1.004384
3769.556641 0.000000 1399.455566 0.000000 0.976373 0.000000 -0.216093 0.728168 0.728168 0.728168
3775.131592 0.000000 1397.553223 0.000000 0.205589 0.000000 -0.978639 1.090850 1.090850 1.090850
3770.570068 0.000000 1398.584961 0.000000 0.967768 0.000000 0.251842 0.647946 0.647946 0.647946
3771.624512 0.000000 1407.173828 0.000000 0.022560 0.000000 -0.999745 1.081499 1.081499 1.081499
3789.909912 0.000000 1401.332764 0.000000 0.938407 0.000000 -0.345531 0.716030 0.716030 0.716030
3787.199219 0.000000 1406.359497 0.000000 0.072087 0.000000 -0.997398 1.084994 1.084994 1.084994
3788.592773 0.000000 1403.843262 0.000000 0.901828 0.000000 -0.432095 0.861635 0.861635 0.861635
3784.841797 0.000000 1397.556030 0.000000 0.901921 0.000000 0.431902 0.577466 0.577466 0.577466
3792.086182 0.000000 1400.181641 0.000000 0.952138 0.000000 -0.305670 0.806946 0.806946 0.806946
3791.020264 0.000000 1403.098511 0.000000 0.085169 0.000000 -0.996367 0.889514 0.889514 0.889514
3784.597656 0.000000 1407.428223 0.000000 0.674688 0.000000 -0.738103 0.837839 0.837839 0.837839
3781.450928 0.000000 1398.688232 0.000000 0.129312 0.000000 -0.991604 1.173474 1.173474 1.173474
3784.654541 0.000000 1399.096436 0.000000 0.443062 0.000000 0.896491 0.550394 0.550394 0.550394
3789.329590 0.000000 1405.145264 0.000000 0.025258 0.000000 -0.999681 0.897169 0.897169 0.897169
3785.738281 0.000000 1406.200562 0.000000 0.874378 0.000000 -0.485246 0.784113 0.784113 0.784113
3789.490479 0.000000 1402.727295 0.000000 0.075566 0.000000 -0.997141 1.240873 1.240873 1.240873
3793.081787 0.000000 1401.231934 0.000000 0.944984 0.000000 0.327116 0.585270 0.585270 0.585270
3781.991211 0.000000 1399.781616 0.000000 0.238547 0.000000 0.971131 0.263058 0.263058 0.263058
3780.413330 0.000000 1399.247192 0.000000 0.586165 0.000000 -0.810192 1.010304 1.010304 1.010304
3788.102295 0.000000 1402.911499 0.000000 0.447428 0.000000 -0.894320 1.100424 1.100424 1.100424
3788.798584 0.000000 1402.006958 0.000000 0.634003 0.000000 -0.773330 1.019815 1.019815 1.019815
3793.873535 0.000000 1401.977783 0.000000 0.996221 0.000000 -0.086857 0.729940 0.729940 0.729940
3775.524658 0.000000 1421.871704 0.000000 0.151153 0.000000 0.988510 0.285852 0.285852 0.285852
3770.001709 0.000000 1425.644287 0.000000 0.063934 0.000000 -0.997954 0.979129 0.979129 0.979129
3763.352539 0.000000 1435.759766 0.000000 0.336343 0.000000 0.941740 0.360992 0.360992 0.360992
3771.506348 0.000000 1429.564209 0.000000 0.625151 0.000000 -0.780504 1.008287 1.008287 1.008287
3759.468018 0.000000 1437.179321 0.000000 0.991448 0.000000 -0.130504 0.726303 0.726303 0.726303
3766.023438 0.000000 1433.061768 0.000000 0.773550 0.000000 0.633735 0.538068 0.538068 0.538068
3777.587158 0.000000 1415.909180 0.000000 0.755612 0.000000 -0.655020 0.772392 0.772392 0.772392
3777.938721 0.000000 1419.443237 0.000000 0.506993 0.000000 0.861950 0.591045 0.591045 0.591045
3761.500244 0.000000 1432.797852 0.000000 0.446912 0.000000 -0.894578 0.765804 0.765804 0.765804
3763.163818 0.000000 1439.106445 0.000000 0.958311 0.000000 -0.285727 0.821027 0.821027 0.821027
3772.473145 0.000000 1423.362305 0.000000 0.554856 0.000000 -0.831946 0.849395 0.849395 0.849395
3774.706543 0.000000 1414.066406 0.000000 0.761207 0.000000 0.648509 0.648208 0.648208 0.648208
3765.963379 0.000000 1439.197510 0.000000 0.083488 0.000000 -0.996509 0.788367 0.788367 0.788367
3767.997070 0.000000 1431.062744 0.000000 0.497557 0.000000 0.867431 0.428421 0.428421 0.428421
3772.131104 0.000000 1427.014160 0.000000 0.955403 0.000000 0.295305 0.681664 0.681664 0.681664
3778.061279 0.000000 1422.533081 0.000000 0.991633 0.000000 0.129090 0.690951 0.690951 0.690951
3765.550293 0.000000 1435.236206 0.000000 0.033897 0.000000 -0.999425 1.065276 1.065276 1.065276
3761.669189 0.000000 1437.200439 0.000000 0.744801 0.000000 -0.667286 0.854482 0.854482 0.854482
3764.793701 0.000000 1437.363770 0.000000 0.108017 0.000000 -0.994149 0.999047 0.999047 0.999047
3777.489502 0.000000 1413.816162 0.000000 0.999369 0.000000 -0.035519 0.705588 0.705588 0.705588
3770.054199 0.000000 1427.840820 0.000000 0.131918 0.000000 0.991261 0.232417 0.232417 0.232417
3764.038330 0.000000 1433.868530 0.000000 0.853573 0.000000 0.520974 0.528579 0.528579 0.528579
3774.332520 0.000000 1424.263062 0.000000 0.999038 0.000000 -0.043861 0.719552 0.719552 0.719552
3760.559570 0.000000 1438.892578 0.000000 0.984035 0.000000 0.177974 0.677486 0.677486 0.677486
3778.709961 0.000000 1417.431885 0.000000 0.559117 0.000000 -0.829089 1.082642 1.082642 1.082642
3761.609375 0.000000 1434.790527 0.000000 0.146130 0.000000 0.989265 0.174862 0.174862 0.174862
3776.156006 0.000000 1420.073120 0.000000 0.398892 0.000000 -0.916998 1.217153 1.217153 1.217153
3766.093262 0.000000 1430.873657 0.000000 0.861269 0.000000 0.508149 0.562135 0.562135 0.562135
3771.790771 0.000000 1425.136963 0.000000 0.487308 0.000000 0.873230 0.503309 0.503309 0.503309
3768.385498 0.000000 1426.559448 0.000000 0.462283 0.000000 0.886733 0.423736 0.423736 0.423736
3770.183350 0.000000 1407.761108 0.000000 0.338350 0.000000 0.941020 0.397992 0.397992 0.397992
3767.729004 0.000000 1432.769165 0.000000 0.561644 0.000000 -0.827379 0.929890 0.929890 0.929890
3779.025879 0.000000 1421.076050 0.000000 0.676973 0.000000 0.736008 0.331392 0.331392 0.331392
3773.977539 0.000000 1422.514282 0.000000 0.282470 0.000000 -0.959276 0.895284 0.895284 0.895284
3769.556641 0.000000 1431.447754 0.000000 0.972619 0.000000 0.232404 0.654502 0.654502 0.654502
3777.428955 0.000000 1421.013184 0.000000 0.829280 0.000000 0.558834 0.435748 0.435748 0.435748
3773.274170 0.000000 1425.581665 0.000000 0.871820 0.000000 0.489826 0.503194 0.503194 0.503194
3758.844727 0.000000 1438.638916 0.000000 0.057249 0.000000 -0.998360 1.123199 1.123199 1.123199
3760.513916 0.000000 1436.064209 0.000000 0.331129 0.000000 -0.943586 0.960790 0.960790 0.960790
3774.389648 0.000000 1420.905884 0.000000 0.941205 0.000000 -0.337837 0.800575 0.800575 0.800575
3776.051270 0.000000 1413.481079 0.000000 0.761958 0.000000 -0.647627 0.810800 0.810800 0.810800
3763.110352 0.000000 1437.442139 0.000000 0.625501 0.000000 -0.780224 0.898644 0.898644 0.898644
3776.734131 0.000000 1422.962524 0.000000 0.993176 0.000000 -0.116627 0.738200 0.738200 0.738200
3770.506348 0.000000 1424.324219 0.000000 0.902963 0.000000 0.429719 0.617718 0.617718 0.617718
3775.323242 0.000000 1423.274902 0.000000 0.189457 0.000000 -0.981889 1.134159 1.134159 1.134159
3765.948730 0.000000 1436.591064 0.000000 0.271881 0.000000 -0.962331 0.964877 0.964877 0.964877
3777.670898 0.000000 1412.479492 0.000000 0.958419 0.000000 0.285364 0.654485 0.654485 0.654485
3775.300049 0.000000 1425.166748 0.000000 0.126440 0.000000 -0.991974 1.343503 1.343503 1.343503
3762.817139 0.000000 1434.277100 0.000000 0.999330 0.000000 0.036587 0.689895 0.689895 0.689895
3770.809326 0.000000 1426.798706 0.000000 0.871771 0.000000 -0.489913 0.866423 0.866423 0.866423
3766.773926 0.000000 1431.963989 0.000000 0.795934 0.000000 0.605383 0.531819 0.531819 0.531819
3764.568848 0.000000 1436.101318 0.000000 0.699969 0.000000 -0.714174 0.862642 0.862642 0.862642
3771.267334 0.000000 1428.258911 0.000000 0.896130 0.000000 0.443792 0.541694 0.541694 0.541694
3765.271729 0.000000 1434.027710 0.000000 0.808525 0.000000 0.588462 0.550468 0.550468 0.550468
3761.886963 0.000000 1435.990479 0.000000 0.805907 0.000000 0.592042 0.466370 0.466370 0.466370
3758.084473 0.000000 1437.676758 0.000000 0.936330 0.000000 -0.351122 0.772103 0.772103 0.772103
3772.863770 0.000000 1424.469116 0.000000 0.110116 0.000000 -0.993919 1.261499 1.261499 1.261499
3764.299072 0.000000 1434.981079 0.000000 0.191620 0.000000 0.981469 0.372493 0.372493 0.372493
3764.704102 0.000000 1432.919800 0.000000 0.643125 0.000000 0.765761 0.427153 0.427153 0.427153
3769.532227 0.000000 1426.764526 0.000000 0.254067 0.000000 -0.967187 1.032945 1.032945 1.032945
3770.419922 0.000000 1429.038696 0.000000 0.450126 0.000000 0.892965 0.319959 0.319959 0.319959
3768.838379 0.000000 1427.625122 0.000000 0.985767 0.000000 0.168118 0.657196 0.657196 0.657196
3778.234375 0.000000 1418.400635 0.000000 0.131102 0.000000 0.991369 0.058592 0.058592 0.058592
3776.354248 0.000000 1421.189575 0.000000 0.463779 0.000000 0.885951 0.214909 0.214909 0.214909
3778.534424 0.000000 1416.337280 0.000000 0.818476 0.000000 -0.574540 0.939589 0.939589 0.939589
3777.129883 0.000000 1422.025146 0.000000 0.091270 0.000000 -0.995826 1.183465 1.183465 1.183465
3771.593506 0.000000 1426.149658 0.000000 0.085680 0.000000 0.996323 0.217296 0.217296 0.217296
3778.268066 0.000000 1420.378662 0.000000 0.197868 0.000000 0.980229 0.088763 0.088763 0.088763
3774.310303 0.000000 1425.374390 0.000000 0.811001 0.000000 -0.585045 0.978492 0.978492 0.978492
3775.387695 0.000000 1420.715088 0.000000 0.047156 0.000000 -0.998888 1.144664 1.144664 1.144664
3763.697998 0.000000 1438.225098 0.000000 0.654033 0.000000 -0.756466 1.058318 1.058318 1.058318
3760.596680 0.000000 1435.091797 0.000000 0.494861 0.000000 0.868972 0.311672 0.311672 0.311672
3777.099365 0.000000 1420.080566 0.000000 0.693433 0.000000 0.720521 0.341464 0.341464 0.341464
3778.165527 0.000000 1421.601562 0.000000 0.312089 0.000000 0.950053 0.141440 0.141440 0.141440
3778.772705 0.000000 1419.096191 0.000000 0.012296 0.000000 -0.999924 1.394520 1.394520 1.394520
3762.828125 0.000000 1438.295898 0.000000 0.553424 0.000000 0.832899 0.288874 0.288874 0.288874
3762.377441 0.000000 1439.469849 0.000000 0.659563 0.000000 -0.751650 1.055255 1.055255 1.055255
3775.527100 0.000000 1424.140015 0.000000 0.936864 0.000000 0.349693 0.540800 0.540800 0.540800
3779.961670 0.000000 1414.642334 0.000000 0.387114 0.000000 0.922032 0.531864 0.531864 0.531864
3786.464355 0.000000 1408.188843 0.000000 0.593243 0.000000 -0.805023 0.760504 0.760504 0.760504
3779.217041 0.000000 1419.315308 0.000000 0.133135 0.000000 0.991098 0.059506 0.059506 0.059506
3781.868164 0.000000 1419.740112 0.000000 0.999414 0.000000 0.034234 0.686716 0.686716 0.686716
3780.762451 0.000000 1417.112793 0.000000 0.990627 0.000000 0.136594 0.638938 0.638938 0.638938
3783.301758 0.000000 1410.535278 0.000000 0.768386 0.000000 0.639986 0.605334 0.605334 0.605334
3787.895996 0.000000 1409.998169 0.000000 0.987184 0.000000 -0.159584 0.710363 0.710363 0.710363
3781.533936 0.000000 1413.816040 0.000000 0.953613 0.000000 0.301035 0.661525 0.661525 0.661525
3779.213623 0.000000 1416.075806 0.000000 0.639125 0.000000 -0.769103 1.043480 1.043480 1.043480
3787.932373 0.000000 1407.657349 0.000000 0.952860 0.000000 -0.303409 0.779193 0.779193 0.779193
3780.696533 0.000000 1418.712769 0.000000 0.711050 0.000000 -0.703142 1.002537 1.002537 1.002537
3779.246338 0.000000 1417.665649 0.000000 1.000000 0.000000 0.000006 0.699998 0.699998 0.699998
3782.647461 0.000000 1412.760254 0.000000 0.975344 0.000000 0.220689 0.640891 0.640891 0.640891
3781.284668 0.000000 1415.177368 0.000000 0.558025 0.000000 0.829824 0.263817 0.263817 0.263817
3779.238281 0.000000 1421.330078 0.000000 0.993427 0.000000 0.114469 0.648877 0.648877 0.648877
3783.384766 0.000000 1413.716919 0.000000 0.977222 0.000000 0.212221 0.643195 0.643195 0.643195
3780.378174 0.000000 1416.010376 0.000000 0.652248 0.000000 0.758006 0.316643 0.316643 0.316643
3781.777588 0.000000 1417.319702 0.000000 0.963672 0.000000 0.267087 0.579515 0.579515 0.579515
3780.208252 0.000000 1419.607056 0.000000 0.938333 0.000000 -0.345732 0.836958 0.836958 0.836958
3779.838623 0.000000 1416.808594 0.000000 0.129285 0.000000 0.991607 0.135850 0.135850 0.135850
3779.765625 0.000000 1418.494751 0.000000 0.232056 0.000000 0.972702 0.104363 0.104363 0.104363
3779.393311 0.000000 1420.217529 0.000000 0.031644 0.000000 0.999499 0.014104 0.014104 0.014104
3781.250732 0.000000 1416.254272 0.000000 0.600749 0.000000 0.799438 0.287183 0.287183 0.287183
3781.157471 0.000000 1417.965454 0.000000 0.997233 0.000000 -0.074333 0.733156 0.733156 0.733156
3781.567139 0.000000 1418.932739 0.000000 0.998980 0.000000 0.045149 0.682478 0.682478 0.682478
3780.294434 0.000000 1417.796509 0.000000 0.864869 0.000000 -0.501998 0.934362 0.934362 0.934362
3759.577148 0.000000 1439.677856 0.000000 0.845595 0.000000 -0.533825 0.857455 0.857455 0.857455
3756.145264 0.000000 1446.366943 0.000000 0.886317 0.000000 -0.463078 0.763946 0.763946 0.763946
3763.308838 0.000000 1439.660522 0.000000 0.436647 0.000000 -0.899633 1.167346 1.167346 1.167346
3754.161865 0.000000 1445.099854 0.000000 0.954593 0.000000 -0.297913 0.834807 0.834807 0.834807
3754.593994 0.000000 1448.270508 0.000000 0.783576 0.000000 -0.621296 0.994065 0.994065 0.994065
3756.964111 0.000000 1448.325073 0.000000 0.161102 0.000000 0.986938 0.576884 0.576884 0.576884
3761.592529 0.000000 1439.830078 0.000000 0.668292 0.000000 0.743899 0.594446 0.594446 0.594446
3754.048828 0.000000 1446.774048 0.000000 0.997803 0.000000 -0.066247 0.715988 0.715988 0.715988
3755.472900 0.000000 1444.644287 0.000000 0.363111 0.000000 -0.931746 1.234400 1.234400 1.234400
3756.396729 0.000000 1443.043579 0.000000 0.790050 0.000000 -0.613042 0.825703 0.825703 0.825703
3755.799072 0.000000 1447.697510 0.000000 0.959912 0.000000 0.280301 0.631483 0.631483 0.631483
3754.454834 0.000000 1449.553955 0.000000 0.602337 0.000000 -0.798242 1.105469 1.105469 1.105469
3757.132812 0.000000 1445.544067 0.000000 0.994909 0.000000 -0.100780 0.732461 0.732461 0.732461
3755.585938 0.000000 1448.920166 0.000000 0.525116 0.000000 -0.851031 1.146515 1.146515 1.146515
3754.964844 0.000000 1445.963379 0.000000 0.408438 0.000000 0.912786 0.187497 0.187497 0.187497
3756.166992 0.000000 1445.410767 0.000000 0.758074 0.000000 -0.652169 0.928446 0.928446 0.928446
3751.604736 0.000000 1483.879883 0.000000 0.896781 0.000000 -0.442475 0.796923 0.796923 0.796923
3749.125977 0.000000 1483.231323 0.000000 0.148276 0.000000 -0.988946 0.950987 0.950987 0.950987
3748.633301 0.000000 1488.222168 0.000000 0.128001 0.000000 0.991774 0.337006 0.337006 0.337006
3753.370361 0.000000 1482.190308 0.000000 0.921416 0.000000 0.388579 0.598174 0.598174 0.598174
3748.906250 0.000000 1484.900757 0.000000 0.590620 0.000000 -0.806950 0.813224 0.813224 0.813224
3746.328857 0.000000 1489.982422 0.000000 0.918126 0.000000 0.396289 0.624518 0.624518 0.624518
3751.091309 0.000000 1478.927856 0.000000 0.894252 0.000000 0.447564 0.643234 0.643234 0.643234
3748.726562 0.000000 1489.750488 0.000000 0.351452 0.000000 -0.936206 1.004920 1.004920 1.004920
3750.547852 0.000000 1482.882446 0.000000 0.935649 0.000000 -0.352933 0.776274 0.776274 0.776274
3747.370361 0.000000 1489.089355 0.000000 0.960656 0.000000 0.277741 0.647865 0.647865 0.647865
3753.125732 0.000000 1483.516357 0.000000 0.365654 0.000000 0.930751 0.394726 0.394726 0.394726
3752.096680 0.000000 1482.618652 0.000000 0.888584 0.000000 -0.458714 0.821590 0.821590 0.821590
3752.051514 0.000000 1478.630859 0.000000 0.040036 0.000000 0.999198 0.229180 0.229180 0.229180
1723.083984 0.000000 2897.985107 0.000000 0.977270 0.000000 0.211998 0.679841 0.679841 0.679841
1726.032349 0.000000 2887.549805 0.000000 0.048497 0.000000 0.998823 0.662756 0.662756 0.662756
1726.383911 0.000000 2891.083984 0.000000 0.877400 0.000000 -0.479760 0.794441 0.794441 0.794441
1724.820435 0.000000 2896.024658 0.000000 0.656350 0.000000 0.754457 0.469942 0.469942 0.469942
1724.548218 0.000000 2889.569092 0.000000 0.233356 0.000000 0.972391 0.370977 0.370977 0.370977
1727.155151 0.000000 2889.072510 0.000000 0.095976 0.000000 -0.995384 0.993791 0.993791 0.993791
1725.173218 0.000000 2897.920898 0.000000 0.420352 0.000000 0.907361 0.394011 0.394011 0.394011
1725.683594 0.000000 2888.858154 0.000000 0.187267 0.000000 -0.982309 1.040640 1.040640 1.040640
1739.832764 0.000000 2894.571289 0.000000 0.999939 0.000000 0.011019 0.698556 0.698556 0.698556
1736.994873 0.000000 2887.187988 0.000000 0.450573 0.000000 -0.892739 0.852333 0.852333 0.852333
1727.662354 0.000000 2890.955811 0.000000 0.878748 0.000000 0.477286 0.606090 0.606090 0.606090
1743.600098 0.000000 2891.818604 0.000000 0.960765 0.000000 0.277364 0.678389 0.678389 0.678389
1738.741577 0.000000 2892.092529 0.000000 0.998808 0.000000 0.048820 0.691123 0.691123 0.691123
1733.563599 0.000000 2890.887695 0.000000 0.999510 0.000000 0.031302 0.697100 0.697100 0.697100
1729.207764 0.000000 2888.753418 0.000000 0.225108 0.000000 0.974334 0.631899 0.631899 0.631899
1742.615845 0.000000 2889.574707 0.000000 0.999302 0.000000 -0.037351 0.705811 0.705811 0.705811
1735.556885 0.000000 2889.132568 0.000000 0.853587 0.000000 -0.520950 0.758414 0.758414 0.758414
1738.599243 0.000000 2884.748291 0.000000 0.436229 0.000000 -0.899836 0.797812 0.797812 0.797812
1745.708252 0.000000 2888.945801 0.000000 0.555796 0.000000 -0.831319 0.840647 0.840647 0.840647
1739.031372 0.000000 2887.918945 0.000000 0.604769 0.000000 0.796401 0.595344 0.595344 0.595344
1733.544434 0.000000 2888.761719 0.000000 0.846022 0.000000 0.533148 0.590921 0.590921 0.590921
1737.087524 0.000000 2885.494873 0.000000 0.932497 0.000000 -0.361179 0.739393 0.739393 0.739393
1738.486328 0.000000 2886.422363 0.000000 0.150846 0.000000 0.988557 0.538769 0.538769 0.538769
1729.141846 0.000000 2890.353271 0.000000 0.872022 0.000000 0.489467 0.631173 0.631173 0.631173
1727.691772 0.000000 2889.306396 0.000000 0.194149 0.000000 -0.980972 0.974015 0.974015 0.974015
1739.989746 0.000000 2893.016357 0.000000 0.745139 0.000000 -0.666910 0.832686 0.832686 0.832686
1738.406128 0.000000 2895.160156 0.000000 0.073368 0.000000 -0.997305 0.896257 0.896257 0.896257
1744.165405 0.000000 2889.116699 0.000000 0.616231 0.000000 0.787566 0.570047 0.570047 0.570047
1738.636597 0.000000 2893.590576 0.000000 0.829961 0.000000 -0.557821 0.807551 0.807551 0.807551
1787.931763 0.000000 2926.215576 0.000000 0.974939 0.000000 0.222471 0.685493 0.685493 0.685493
1792.902832 0.000000 2926.995117 0.000000 0.431295 0.000000 -0.902211 1.097092 1.097092 1.097092
1790.506226 0.000000 2926.611084 0.000000 0.631000 0.000000 -0.775783 0.748105 0.748105 0.748105
1786.386353 0.000000 2924.984863 0.000000 0.939231 0.000000 0.343286 0.669381 0.669381 0.669381
1789.315186 0.000000 2925.923828 0.000000 0.969978 0.000000 -0.243193 0.741642 0.741642 0.741642
1792.410156 0.000000 2927.805908 0.000000 0.973427 0.000000 -0.228998 0.781563 0.781563 0.781563
1866.310547 0.000000 2996.392090 0.000000 0.952198 0.000000 0.305480 0.657683 0.657683 0.657683
1869.223755 0.000000 2996.727783 0.000000 0.556090 0.000000 -0.831122 0.900607 0.900607 0.900607
1867.545654 0.000000 2997.162598 0.000000 0.223381 0.000000 0.974731 0.516591 0.516591 0.516591
1883.427979 0.000000 2978.472656 0.000000 0.858978 0.000000 0.512013 0.693424 0.693424 0.693424
1888.650269 0.000000 2990.778076 0.000000 0.355634 0.000000 -0.934625 1.060757 1.060757 1.060757
1885.309326 0.000000 2977.414795 0.000000 0.601813 0.000000 0.798637 0.433267 0.433267 0.433267
1889.708862 0.000000 2988.899170 0.000000 0.290165 0.000000 0.956977 0.610776 0.610776 0.610776
1885.224121 0.000000 2979.941895 0.000000 0.981174 0.000000 0.193125 0.676225 0.676225 0.676225
1885.702637 0.000000 2976.360596 0.000000 0.849045 0.000000 0.528321 0.539497 0.539497 0.539497
1884.542847 0.000000 2976.597168 0.000000 0.657670 0.000000 -0.753306 0.945985 0.945985 0.945985
1884.215698 0.000000 2977.666504 0.000000 0.135341 0.000000 -0.990799 1.113795 1.113795 1.113795
1889.426270 0.000000 2991.630859 0.000000 0.983167 0.000000 -0.182708 0.754908 0.754908 0.754908
1888.359375 0.000000 2991.780518 0.000000 0.568733 0.000000 0.822522 0.411374 0.411374 0.411374
1923.561035 0.000000 2987.795166 0.000000 0.712549 0.000000 -0.701622 0.792415 0.792415 0.792415
1925.192383 0.000000 2987.710693 0.000000 0.998523 0.000000 -0.054328 0.715008 0.715008 0.715008
1925.734375 0.000000 2986.059570 0.000000 0.164039 0.000000 -0.986454 1.088226 1.088226 1.088226
1963.743042 0.000000 3003.376953 0.000000 0.858451 0.000000 0.512895 0.671765 0.671765 0.671765
1961.890747 0.000000 3000.415039 0.000000 0.773497 0.000000 0.633800 0.575237 0.575237 0.575237
1962.593628 0.000000 2987.006836 0.000000 0.896133 0.000000 0.443785 0.622857 0.622857 0.622857
1960.101807 0.000000 3002.330566 0.000000 0.482479 0.000000 0.875907 0.547052 0.547052 0.547052
1961.661377 0.000000 2984.922363 0.000000 0.986656 0.000000 -0.162817 0.714862 0.714862 0.714862
1960.676147 0.000000 2986.463135 0.000000 0.841324 0.000000 -0.540531 0.765867 0.765867 0.765867
1963.060547 0.000000 2984.058350 0.000000 0.553030 0.000000 0.833161 0.589855 0.589855 0.589855
1963.987549 0.000000 2986.325684 0.000000 0.069778 0.000000 0.997563 0.448187 0.448187 0.448187
1960.326538 0.000000 3000.343994 0.000000 0.488401 0.000000 -0.872619 0.892752 0.892752 0.892752
1960.904419 0.000000 3003.681396 0.000000 0.375888 0.000000 0.926665 0.530124 0.530124 0.530124
1961.066162 0.000000 3001.406494 0.000000 0.706325 0.000000 0.707888 0.557054 0.557054 0.557054
1965.108887 0.000000 3029.118652 0.000000 0.980382 0.000000 0.197106 0.644523 0.644523 0.644523
1956.535889 0.000000 3013.984131 0.000000 0.102329 0.000000 -0.994751 0.841128 0.841128 0.841128
1977.977661 0.000000 3015.518555 0.000000 0.706629 0.000000 0.707584 0.610708 0.610708 0.610708
1946.520020 0.000000 3024.068359 0.000000 0.999064 0.000000 -0.043265 0.701891 0.701891 0.701891
1975.097290 0.000000 3013.675781 0.000000 0.924884 0.000000 -0.380248 0.747035 0.747035 0.747035
1957.354858 0.000000 3015.942383 0.000000 0.301265 0.000000 0.953540 0.368454 0.368454 0.368454
1976.127441 0.000000 3015.329834 0.000000 0.507902 0.000000 0.861415 0.582085 0.582085 0.582085
1966.715454 0.000000 3028.489502 0.000000 0.977535 0.000000 -0.210773 0.724865 0.724865 0.724865
1975.303223 0.000000 3012.076904 0.000000 0.424522 0.000000 0.905418 0.563456 0.563456 0.563456
1946.864868 0.000000 3027.367432 0.000000 0.995972 0.000000 0.089661 0.669090 0.669090 0.669090
1974.817871 0.000000 3014.989014 0.000000 0.450639 0.000000 -0.892706 0.937161 0.937161 0.937161
1956.189575 0.000000 3015.314697 0.000000 0.439162 0.000000 -0.898408 0.992580 0.992580 0.992580
1964.015381 0.000000 3028.710938 0.000000 0.470987 0.000000 0.882140 0.397909 0.397909 0.397909
1957.307129 0.000000 3014.858154 0.000000 0.956760 0.000000 -0.290878 0.777368 0.777368 0.777368
1965.780518 0.000000 3028.026611 0.000000 0.237271 0.000000 -0.971444 1.072233 1.072233 1.072233
1946.406738 0.000000 3026.534180 0.000000 0.257447 0.000000 -0.966292 1.151142 1.151142 1.151142
2714.597412 0.000000 2071.216797 0.000000 0.161414 0.000000 0.986887 0.515367 0.515367 0.515367
2719.579102 0.000000 2075.603516 0.000000 0.123569 0.000000 -0.992336 0.889645 0.889645 0.889645
2725.959229 0.000000 2073.240234 0.000000 0.984949 0.000000 -0.172844 0.719126 0.719126 0.719126
2715.694580 0.000000 2077.023193 0.000000 0.067959 0.000000 0.997688 0.610708 0.610708 0.610708
2722.250000 0.000000 2072.905518 0.000000 0.410786 0.000000 0.911732 0.549601 0.549601 0.549601
2717.449463 0.000000 2069.117188 0.000000 0.374139 0.000000 0.927373 0.646051 0.646051 0.646051
2717.726807 0.000000 2072.641602 0.000000 0.491476 0.000000 0.870891 0.458015 0.458015 0.458015
2713.987305 0.000000 2068.418457 0.000000 0.970108 0.000000 0.242675 0.680723 0.680723 0.680723
2724.223633 0.000000 2070.906494 0.000000 0.334411 0.000000 -0.942427 0.794565 0.794565 0.794565
2715.937744 0.000000 2074.557129 0.000000 0.811666 0.000000 -0.584122 0.747966 0.747966 0.747966
2721.776855 0.000000 2075.079834 0.000000 0.554632 0.000000 0.832096 0.571176 0.571176 0.571176
2717.895752 0.000000 2077.044189 0.000000 0.900486 0.000000 -0.434886 0.744817 0.744817 0.744817
2723.856201 0.000000 2074.395020 0.000000 0.687709 0.000000 0.725987 0.604870 0.604870 0.604870
2716.600586 0.000000 2070.942383 0.000000 0.922198 0.000000 -0.386719 0.752044 0.752044 0.752044
2720.264893 0.000000 2073.712158 0.000000 0.572719 0.000000 0.819752 0.574046 0.574046 0.574046
2712.916016 0.000000 2070.135742 0.000000 0.436683 0.000000 -0.899616 0.827098 0.827098 0.827098
2717.835938 0.000000 2074.634277 0.000000 0.310134 0.000000 0.950693 0.535448 0.535448 0.535448
2722.319824 0.000000 2070.717285 0.000000 0.904420 0.000000 0.426644 0.656093 0.656093 0.656093
2715.841064 0.000000 2068.074707 0.000000 0.634687 0.000000 0.772769 0.621284 0.621284 0.621284
2714.723633 0.000000 2073.116699 0.000000 0.099703 0.000000 -0.995017 0.869658 0.869658 0.869658
2723.955566 0.000000 2072.612793 0.000000 0.636867 0.000000 0.770974 0.584611 0.584611 0.584611
2716.162354 0.000000 2072.570557 0.000000 0.621841 0.000000 0.783143 0.494027 0.494027 0.494027
2716.740479 0.000000 2075.907959 0.000000 0.206764 0.000000 0.978391 0.521415 0.521415 0.521415
2719.172363 0.000000 2072.741455 0.000000 0.838117 0.000000 0.545490 0.552787 0.552787 0.552787
2716.902100 0.000000 2073.633057 0.000000 0.989350 0.000000 0.145555 0.666559 0.666559 0.666559
2686.178955 0.000000 2081.436523 0.000000 0.373668 0.000000 0.927562 0.544312 0.544312 0.544312
2699.223633 0.000000 2096.920166 0.000000 0.954888 0.000000 0.296966 0.688935 0.688935 0.688935
2689.008301 0.000000 2083.570312 0.000000 0.999046 0.000000 -0.043677 0.704963 0.704963 0.704963
2688.706787 0.000000 2080.038330 0.000000 0.441431 0.000000 -0.897295 0.826497 0.826497 0.826497
2686.960205 0.000000 2083.517334 0.000000 0.932266 0.000000 -0.361773 0.748518 0.748518 0.748518
2688.142578 0.000000 2081.842285 0.000000 0.020280 0.000000 0.999794 0.523872 0.523872 0.523872
2689.894043 0.000000 2081.709717 0.000000 0.163898 0.000000 -0.986477 0.859729 0.859729 0.859729
2700.121338 0.000000 2101.548096 0.000000 0.604717 0.000000 0.796441 0.579235 0.579235 0.579235
2714.597412 0.000000 2103.208984 0.000000 0.852086 0.000000 0.523401 0.627802 0.627802 0.627802
2715.649170 0.000000 2098.093262 0.000000 0.922188 0.000000 0.386743 0.672242 0.672242 0.672242
2703.885742 0.000000 2098.733154 0.000000 0.998432 0.000000 0.055982 0.695497 0.695497 0.695497
2711.351562 0.000000 2099.163574 0.000000 0.187664 0.000000 -0.982233 0.881139 0.881139 0.881139
2699.440674 0.000000 2097.361328 0.000000 0.190633 0.000000 -0.981661 0.750608 0.750608 0.750608
2703.534424 0.000000 2103.612793 0.000000 0.489234 0.000000 0.872153 0.561121 0.561121 0.561121
2713.987305 0.000000 2100.410645 0.000000 0.882241 0.000000 -0.470799 0.764249 0.764249 0.764249
2702.355957 0.000000 2096.294922 0.000000 0.990640 0.000000 0.136499 0.692103 0.692103 0.692103
2708.556641 0.000000 2098.855225 0.000000 0.948025 0.000000 -0.318196 0.713582 0.713582 0.713582
2713.044922 0.000000 2097.053467 0.000000 0.274944 0.000000 -0.961460 0.840017 0.840017 0.840017
2701.342773 0.000000 2099.081299 0.000000 0.361219 0.000000 -0.932481 0.857443 0.857443 0.857443
2701.116699 0.000000 2104.187256 0.000000 0.401934 0.000000 0.915669 0.639333 0.639333 0.639333
2702.677979 0.000000 2101.116699 0.000000 0.823710 0.000000 -0.567011 0.759000 0.759000 0.759000
2710.112061 0.000000 2096.909668 0.000000 0.994503 0.000000 -0.104704 0.713749 0.713749 0.713749
2712.320557 0.000000 2104.009766 0.000000 0.289866 0.000000 -0.957067 0.867337 0.867337 0.867337
2712.916016 0.000000 2102.127930 0.000000 0.888663 0.000000 -0.458560 0.762438 0.762438 0.762438
2715.841064 0.000000 2100.066895 0.000000 0.429656 0.000000 0.902993 0.564141 0.564141 0.564141
2713.123779 0.000000 2098.856201 0.000000 0.212791 0.000000 0.977098 0.522223 0.522223 0.522223
2714.723633 0.000000 2105.108887 0.000000 0.877865 0.000000 0.478909 0.634543 0.634543 0.634543
2701.685303 0.000000 2102.516357 0.000000 0.624000 0.000000 -0.781425 0.817562 0.817562 0.817562
2715.333984 0.000000 2101.695068 0.000000 0.859440 0.000000 -0.511236 0.764708 0.764708 0.764708
2711.561279 0.000000 2096.376953 0.000000 0.879102 0.000000 0.476634 0.634882 0.634882 0.634882
2732.404297 0.000000 2134.406006 0.000000 0.800767 0.000000 0.598975 0.692144 0.692144 0.692144
2725.959229 0.000000 2137.224609 0.000000 0.887705 0.000000 0.460413 0.638125 0.638125 0.638125
2735.215820 0.000000 2128.912354 0.000000 0.481381 0.000000 0.876511 0.636508 0.636508 0.636508
2722.250000 0.000000 2136.889893 0.000000 0.114109 0.000000 -0.993468 0.890894 0.890894 0.890894
2733.909912 0.000000 2131.757324 0.000000 0.823413 0.000000 0.567442 0.621968 0.621968 0.621968
2724.223633 0.000000 2134.890869 0.000000 0.982306 0.000000 -0.187285 0.724693 0.724693 0.724693
2730.123047 0.000000 2132.603027 0.000000 0.780589 0.000000 0.625045 0.611504 0.611504 0.611504
2728.357666 0.000000 2130.842285 0.000000 0.050548 0.000000 0.998722 0.585761 0.585761 0.585761
2721.776855 0.000000 2139.064209 0.000000 0.951692 0.000000 0.307054 0.680911 0.680911 0.680911
2723.856201 0.000000 2138.379395 0.000000 0.888508 0.000000 -0.458861 0.734990 0.734990 0.734990
2731.902100 0.000000 2131.968994 0.000000 0.784071 0.000000 -0.620672 0.779572 0.779572 0.779572
2732.954590 0.000000 2130.108398 0.000000 0.770141 0.000000 0.637874 0.610544 0.610544 0.610544
2734.716064 0.000000 2133.441162 0.000000 0.273213 0.000000 -0.961953 0.860565 0.860565 0.860565
2723.955566 0.000000 2136.597168 0.000000 0.036861 0.000000 -0.999320 0.901050 0.901050 0.901050
2725.783203 0.000000 2135.275879 0.000000 0.314799 0.000000 -0.949158 0.863908 0.863908 0.863908
2728.773193 0.000000 2134.870117 0.000000 0.320001 0.000000 -0.947417 0.863189 0.863189 0.863189
2734.823242 0.000000 2130.496582 0.000000 0.931486 0.000000 -0.363777 0.748800 0.748800 0.748800
2733.036377 0.000000 2132.938721 0.000000 0.507723 0.000000 0.861520 0.563917 0.563917 0.563917
2736.113525 0.000000 2133.540283 0.000000 0.904827 0.000000 -0.425779 0.743812 0.743812 0.743812
2735.432861 0.000000 2129.353516 0.000000 0.224203 0.000000 -0.974542 0.779897 0.779897 0.779897
2737.334961 0.000000 2131.073486 0.000000 0.073529 0.000000 0.997293 0.503764 0.503764 0.503764
2735.442627 0.000000 2131.638184 0.000000 0.788653 0.000000 0.614838 0.613209 0.613209 0.613209
2766.857422 0.000000 2162.164795 0.000000 0.005787 0.000000 -0.999983 0.888714 0.888714 0.888714
2769.902100 0.000000 2163.749512 0.000000 0.789633 0.000000 -0.613580 0.750795 0.750795 0.750795
2765.904785 0.000000 2147.290039 0.000000 0.665446 0.000000 0.746446 0.614583 0.614583 0.614583
2768.593750 0.000000 2160.204346 0.000000 0.195101 0.000000 0.980783 0.587109 0.587109 0.587109
2766.551270 0.000000 2160.083252 0.000000 0.640280 0.000000 0.768141 0.585192 0.585192 0.585192
2766.021484 0.000000 2145.212402 0.000000 0.738818 0.000000 -0.673905 0.787877 0.787877 0.787877
2767.894287 0.000000 2163.961182 0.000000 0.997661 0.000000 0.068360 0.691750 0.691750 0.691750
2767.353516 0.000000 2146.731445 0.000000 0.231309 0.000000 0.972880 0.524712 0.524712 0.524712
4222.877930 0.000000 2908.820068 0.000000 0.943924 0.000000 -0.330164 0.708820 0.708820 0.708820
4232.616699 0.000000 2901.149902 0.000000 0.947765 0.000000 0.318970 0.660854 0.660854 0.660854
4219.411621 0.000000 2901.379639 0.000000 0.708891 0.000000 0.705318 0.656220 0.656220 0.656220
4231.181641 0.000000 2893.878418 0.000000 0.840888 0.000000 0.541209 0.673016 0.673016 0.673016
4231.250977 0.000000 2907.400391 0.000000 0.918014 0.000000 0.396549 0.664371 0.664371 0.664371
4227.061035 0.000000 2891.818604 0.000000 0.729111 0.000000 -0.684396 0.714490 0.714490 0.714490
4219.195312 0.000000 2896.060547 0.000000 0.971330 0.000000 -0.237735 0.707551 0.707551 0.707551
4227.366699 0.000000 2908.820068 0.000000 0.074030 0.000000 -0.997256 0.783699 0.783699 0.783699
4231.048340 0.000000 2897.600586 0.000000 0.994560 0.000000 0.104165 0.686505 0.686505 0.686505
4233.921875 0.000000 2904.702393 0.000000 0.988250 0.000000 0.152848 0.685787 0.685787 0.685787
4229.121582 0.000000 2900.914062 0.000000 0.982733 0.000000 -0.185031 0.725043 0.725043 0.725043
4235.894043 0.000000 2900.027832 0.000000 0.990124 0.000000 -0.140196 0.710324 0.710324 0.710324
4228.142578 0.000000 2894.801514 0.000000 0.353828 0.000000 0.935311 0.556312 0.556312 0.556312
4234.639160 0.000000 2897.191650 0.000000 0.687970 0.000000 -0.725739 0.738319 0.738319 0.738319
4220.228516 0.000000 2898.659912 0.000000 0.854506 0.000000 -0.519441 0.759180 0.759180 0.759180
4222.202637 0.000000 2892.092529 0.000000 0.589757 0.000000 0.807581 0.662216 0.662216 0.662216
4235.895508 0.000000 2902.703369 0.000000 0.691633 0.000000 0.722249 0.649226 0.649226 0.649226
4225.748535 0.000000 2893.984619 0.000000 0.835722 0.000000 0.549153 0.663425 0.663425 0.663425
4231.767578 0.000000 2903.492676 0.000000 0.539763 0.000000 -0.841817 0.834650 0.834650 0.834650
4221.784180 0.000000 2896.714355 0.000000 0.972505 0.000000 -0.232881 0.720537 0.720537 0.720537
4233.193359 0.000000 2895.226318 0.000000 0.325484 0.000000 -0.945547 0.775801 0.775801 0.775801
4233.160645 0.000000 2898.988281 0.000000 0.408551 0.000000 0.912735 0.563347 0.563347 0.563347
4220.241699 0.000000 2903.443604 0.000000 0.998100 0.000000 0.061621 0.693535 0.693535 0.693535
4231.079102 0.000000 2899.702393 0.000000 0.404426 0.000000 -0.914571 0.855347 0.855347 0.855347
4229.201172 0.000000 2892.922607 0.000000 0.972787 0.000000 0.231699 0.684472 0.684472 0.684472
4222.926758 0.000000 2906.731201 0.000000 0.852050 0.000000 0.523461 0.656676 0.656676 0.656676
4229.205566 0.000000 2898.726807 0.000000 0.447722 0.000000 0.894173 0.551094 0.551094 0.551094
4230.013672 0.000000 2895.741943 0.000000 0.197705 0.000000 -0.980262 0.839043 0.839043 0.839043
4231.936523 0.000000 2905.509033 0.000000 0.999962 0.000000 0.008740 0.698900 0.698900 0.698900
4226.439453 0.000000 2895.867920 0.000000 0.571661 0.000000 -0.820490 0.816033 0.816033 0.816033
4221.247559 0.000000 2900.371826 0.000000 0.097131 0.000000 -0.995272 0.864805 0.864805 0.864805
4229.507812 0.000000 2906.431152 0.000000 0.909814 0.000000 -0.415015 0.746369 0.746369 0.746369
4233.991699 0.000000 2902.514160 0.000000 0.999338 0.000000 0.036382 0.695739 0.695739 0.695739
4230.807129 0.000000 2901.709473 0.000000 0.278521 0.000000 0.960430 0.526609 0.526609 0.526609
4232.745605 0.000000 2897.018066 0.000000 0.322902 0.000000 -0.946432 0.825889 0.825889 0.825889
4228.538086 0.000000 2896.659668 0.000000 0.829732 0.000000 -0.558162 0.779685 0.779685 0.779685
4223.451172 0.000000 2900.596436 0.000000 0.736000 0.000000 0.676982 0.599931 0.599931 0.599931
4227.005859 0.000000 2901.499756 0.000000 0.966992 0.000000 -0.254806 0.734670 0.734670 0.734670
4223.596191 0.000000 2905.316406 0.000000 0.776752 0.000000 0.629807 0.617846 0.617846 0.617846
4224.898926 0.000000 2895.274902 0.000000 0.927528 0.000000 0.373754 0.655149 0.655149 0.655149
4223.232910 0.000000 2896.181641 0.000000 0.994089 0.000000 -0.108566 0.713687 0.713687 0.713687
4227.834473 0.000000 2904.367432 0.000000 0.893192 0.000000 -0.449675 0.762761 0.762761 0.762761
4229.907715 0.000000 2903.032959 0.000000 0.864901 0.000000 0.501942 0.629241 0.629241 0.629241
4227.475586 0.000000 2911.318604 0.000000 0.729525 0.000000 -0.683955 0.709214 0.709214 0.709214
4129.654785 0.000000 3001.013672 0.000000 0.366201 0.000000 -0.930536 0.727169 0.727169 0.727169
4127.423828 0.000000 2990.199951 0.000000 0.959196 0.000000 0.282741 0.693488 0.693488 0.693488
4123.071777 0.000000 2993.577148 0.000000 0.479426 0.000000 0.877582 0.641990 0.641990 0.641990
4121.145020 0.000000 2996.890625 0.000000 0.982096 0.000000 0.188379 0.683110 0.683110 0.683110
4121.421875 0.000000 3000.415039 0.000000 0.887797 0.000000 0.460235 0.676598 0.676598 0.676598
4127.917480 0.000000 2996.004395 0.000000 0.276422 0.000000 0.961036 0.535337 0.535337 0.535337
4123.085449 0.000000 3006.723633 0.000000 0.449469 0.000000 0.893296 0.591896 0.591896 0.591896
4126.662598 0.000000 2993.168213 0.000000 0.251610 0.000000 -0.967829 0.782822 0.782822 0.782822
4117.130371 0.000000 3006.255859 0.000000 0.964314 0.000000 0.264761 0.672372 0.672372 0.672372
4125.885254 0.000000 3006.814697 0.000000 0.230973 0.000000 0.972960 0.583111 0.583111 0.583111
4127.918945 0.000000 2998.679932 0.000000 0.731526 0.000000 -0.681814 0.782600 0.782600 0.782600
4123.791016 0.000000 2999.469238 0.000000 0.874309 0.000000 0.485369 0.654832 0.654832 0.654832
4125.184082 0.000000 2994.964844 0.000000 0.661386 0.000000 0.750046 0.597730 0.597730 0.597730
4121.591309 0.000000 3004.817627 0.000000 0.269214 0.000000 0.963080 0.595638 0.595638 0.595638
4123.102539 0.000000 2995.678955 0.000000 0.637786 0.000000 -0.770214 0.784504 0.784504 0.784504
4120.481445 0.000000 3006.509766 0.000000 0.162522 0.000000 0.986705 0.525353 0.525353 0.525353
4126.015137 0.000000 2998.490723 0.000000 0.653765 0.000000 -0.756697 0.794491 0.794491 0.794491
4122.830566 0.000000 2997.686035 0.000000 0.738290 0.000000 -0.674483 0.786676 0.786676 0.786676
4126.246582 0.000000 2996.497314 0.000000 0.969609 0.000000 0.244659 0.668468 0.668468 0.668468
4118.766602 0.000000 3006.256104 0.000000 0.773662 0.000000 -0.633599 0.788740 0.788740 0.788740
4139.808594 0.000000 2997.329346 0.000000 0.840906 0.000000 0.541181 0.681013 0.681013 0.681013
4163.251465 0.000000 3004.334473 0.000000 0.908961 0.000000 0.416880 0.680462 0.680462 0.680462
4167.711426 0.000000 2981.148193 0.000000 0.605667 0.000000 0.795718 0.669446 0.669446 0.669446
4156.158203 0.000000 2990.778076 0.000000 0.802995 0.000000 -0.595986 0.721201 0.721201 0.721201
4169.979980 0.000000 3006.278076 0.000000 0.218654 0.000000 0.975802 0.622124 0.622124 0.622124
4174.864258 0.000000 3006.094238 0.000000 0.927853 0.000000 0.372945 0.682635 0.682635 0.682635
4170.620605 0.000000 2981.683594 0.000000 0.747494 0.000000 -0.664269 0.743168 0.743168 0.743168
4165.427246 0.000000 2986.421631 0.000000 0.353337 0.000000 0.935496 0.590073 0.590073 0.590073
4173.403320 0.000000 2981.433350 0.000000 0.316933 0.000000 -0.948448 0.785079 0.785079 0.785079
4164.714844 0.000000 2988.463867 0.000000 0.998168 0.000000 0.060504 0.694498 0.694498 0.694498
4166.736328 0.000000 2983.154785 0.000000 0.833358 0.000000 -0.552734 0.749126 0.749126 0.749126
4158.029297 0.000000 2991.718506 0.000000 0.929504 0.000000 -0.368812 0.729705 0.729705 0.729705
4161.870605 0.000000 2988.969238 0.000000 0.674411 0.000000 0.738356 0.624517 0.624517 0.624517
4168.832520 0.000000 2982.723877 0.000000 0.448966 0.000000 -0.893549 0.796570 0.796570 0.796570
4174.624023 0.000000 2985.049072 0.000000 0.923490 0.000000 -0.383622 0.735779 0.735779 0.735779
4171.650879 0.000000 2983.337646 0.000000 0.510107 0.000000 -0.860111 0.794099 0.794099 0.794099
4100.312500 0.000000 3036.631836 0.000000 0.999947 0.000000 -0.010328 0.700108 0.700108 0.700108
4102.918945 0.000000 3024.693604 0.000000 0.612966 0.000000 0.790109 0.676120 0.676120 0.676120
4101.554199 0.000000 3033.285400 0.000000 0.446628 0.000000 -0.894720 0.730976 0.730976 0.730976
4101.613281 0.000000 3027.538574 0.000000 0.985324 0.000000 -0.170696 0.707794 0.707794 0.707794
4102.058594 0.000000 3008.794434 0.000000 0.807106 0.000000 -0.590406 0.728696 0.728696 0.728696
4102.879883 0.000000 3038.086426 0.000000 0.704791 0.000000 0.709415 0.647626 0.647626 0.647626
4103.001953 0.000000 3011.778076 0.000000 0.430812 0.000000 -0.902442 0.751135 0.751135 0.751135
4100.107422 0.000000 3062.179443 0.000000 0.030107 0.000000 0.999547 0.689230 0.689230 0.689230
4100.312500 0.000000 3068.624023 0.000000 0.256209 0.000000 -0.966622 0.736677 0.736677 0.736677
4101.516602 0.000000 3047.510742 0.000000 0.999772 0.000000 -0.021351 0.701119 0.701119 0.701119
4101.868164 0.000000 3051.044922 0.000000 0.262626 0.000000 -0.964898 0.798070 0.798070 0.798070
4101.554199 0.000000 3065.277588 0.000000 0.200594 0.000000 -0.979675 0.738274 0.738274 0.738274
4101.613281 0.000000 3059.530762 0.000000 0.771941 0.000000 0.635695 0.677125 0.677125 0.677125
4102.058594 0.000000 3040.786621 0.000000 0.885817 0.000000 -0.464035 0.729515 0.729515 0.729515
4103.001953 0.000000 3043.770264 0.000000 0.732442 0.000000 -0.680830 0.751041 0.751041 0.751041
4100.304688 0.000000 3055.985596 0.000000 0.388431 0.000000 -0.921478 0.753246 0.753246 0.753246
4100.032715 0.000000 3049.530029 0.000000 0.706470 0.000000 -0.707743 0.760461 0.760461 0.760461
4115.316895 0.000000 3022.540039 0.000000 0.982170 0.000000 0.187996 0.699339 0.699339 0.699339
4138.911133 0.000000 3024.693604 0.000000 0.999730 0.000000 0.023231 0.698944 0.698944 0.698944
4103.412109 0.000000 3034.078857 0.000000 0.995122 0.000000 -0.098656 0.702418 0.702418 0.702418
4115.046875 0.000000 3026.937012 0.000000 0.624212 0.000000 -0.781255 0.715670 0.715670 0.715670
4103.136230 0.000000 3025.134766 0.000000 0.869747 0.000000 -0.493497 0.713529 0.713529 0.713529
4133.196777 0.000000 3032.273926 0.000000 0.039877 0.000000 -0.999205 0.766885 0.766885 0.766885
4128.695801 0.000000 3011.343750 0.000000 0.839200 0.000000 0.543823 0.647748 0.647748 0.647748
4132.395020 0.000000 3022.971680 0.000000 0.661915 0.000000 0.749579 0.648167 0.648167 0.648167
4123.230469 0.000000 3007.277588 0.000000 0.998699 0.000000 0.050993 0.695007 0.695007 0.695007
4137.605469 0.000000 3027.538574 0.000000 0.963209 0.000000 -0.268752 0.714265 0.714265 0.714265
4131.247559 0.000000 3017.150879 0.000000 0.111135 0.000000 -0.993805 0.868332 0.868332 0.868332
4133.690430 0.000000 3019.157959 0.000000 0.837395 0.000000 0.546599 0.648458 0.648458 0.648458
4133.987793 0.000000 3038.270264 0.000000 0.822280 0.000000 0.569084 0.669319 0.669319 0.669319
4108.458008 0.000000 3037.007568 0.000000 0.979220 0.000000 0.202799 0.675375 0.675375 0.675375
4133.607910 0.000000 3011.079102 0.000000 0.065034 0.000000 0.997883 0.628953 0.628953 0.628953
4117.130371 0.000000 3038.248047 0.000000 0.529464 0.000000 0.848332 0.586720 0.586720 0.586720
4125.885254 0.000000 3038.806885 0.000000 0.717439 0.000000 -0.696622 0.767341 0.767341 0.767341
4127.918945 0.000000 3030.672119 0.000000 0.249428 0.000000 0.968393 0.644691 0.644691 0.644691
4129.857910 0.000000 3035.954346 0.000000 0.963318 0.000000 0.268361 0.684331 0.684331 0.684331
4124.678223 0.000000 3019.360840 0.000000 0.770686 0.000000 0.637215 0.658949 0.658949 0.658949
4118.411133 0.000000 3013.149170 0.000000 0.913235 0.000000 0.407432 0.657465 0.657465 0.657465
4133.818359 0.000000 3028.384277 0.000000 0.704155 0.000000 0.710046 0.642047 0.642047 0.642047
4119.633301 0.000000 3034.322754 0.000000 0.928866 0.000000 0.370416 0.650928 0.650928 0.650928
4132.053223 0.000000 3026.623535 0.000000 0.491881 0.000000 -0.870663 0.762778 0.762778 0.762778
4123.791016 0.000000 3031.461426 0.000000 0.853992 0.000000 -0.520286 0.727731 0.727731 0.727731
4129.998535 0.000000 3022.587646 0.000000 0.380992 0.000000 0.924578 0.553596 0.553596 0.553596
4121.320801 0.000000 3009.111572 0.000000 0.633641 0.000000 -0.773627 0.837578 0.837578 0.837578
4126.241211 0.000000 3015.848389 0.000000 0.918304 0.000000 0.395876 0.653054 0.653054 0.653054
4118.100098 0.000000 3017.543457 0.000000 0.573835 0.000000 0.818971 0.642982 0.642982 0.642982
4116.016113 0.000000 3031.783203 0.000000 0.144358 0.000000 -0.989525 0.789710 0.789710 0.789710
4125.216797 0.000000 3023.195068 0.000000 0.618677 0.000000 -0.785645 0.780547 0.780547 0.780547
4124.331543 0.000000 3011.162109 0.000000 0.903353 0.000000 0.428899 0.651197 0.651197 0.651197
4114.083496 0.000000 3012.717041 0.000000 0.646357 0.000000 0.763035 0.622638 0.622638 0.622638
4103.157715 0.000000 3038.741211 0.000000 0.130484 0.000000 -0.991450 0.795624 0.795624 0.795624
4129.256348 0.000000 3013.502930 0.000000 0.673236 0.000000 -0.739428 0.788717 0.788717 0.788717
4125.184082 0.000000 3026.957031 0.000000 0.688553 0.000000 0.725186 0.648958 0.648958 0.648958
4125.472168 0.000000 3034.845459 0.000000 0.722297 0.000000 0.691583 0.649286 0.649286 0.649286
4129.435059 0.000000 3018.413818 0.000000 0.999958 0.000000 0.009198 0.698843 0.698843 0.698843
4121.591309 0.000000 3036.809814 0.000000 0.993620 0.000000 0.112780 0.680841 0.680841 0.680841
4124.715332 0.000000 3036.973145 0.000000 0.111998 0.000000 0.993708 0.570003 0.570003 0.570003
4128.334473 0.000000 3038.210205 0.000000 0.029463 0.000000 0.999566 0.600337 0.600337 0.600337
4116.825195 0.000000 3009.406982 0.000000 0.194657 0.000000 -0.980871 0.846567 0.846567 0.846567
4114.515625 0.000000 3015.887695 0.000000 0.998755 0.000000 -0.049883 0.703488 0.703488 0.703488
4121.224609 0.000000 3020.891357 0.000000 0.436276 0.000000 0.899813 0.619798 0.619798 0.619798
4128.722656 0.000000 3020.456055 0.000000 0.786076 0.000000 0.618130 0.625471 0.625471 0.625471
4129.976074 0.000000 3027.450195 0.000000 0.003011 0.000000 -0.999995 0.847951 0.847951 0.847951
4120.556641 0.000000 3013.238525 0.000000 0.898160 0.000000 -0.439669 0.746938 0.746938 0.746938
4130.744141 0.000000 3015.146973 0.000000 0.251829 0.000000 0.967772 0.564287 0.564287 0.564287
4116.739746 0.000000 3011.934082 0.000000 0.890366 0.000000 0.455246 0.646310 0.646310 0.646310
4122.037109 0.000000 3023.710693 0.000000 0.985228 0.000000 0.171247 0.687369 0.687369 0.687369
4116.886230 0.000000 3015.942383 0.000000 0.142776 0.000000 -0.989755 0.824736 0.824736 0.824736
4132.646973 0.000000 3020.906738 0.000000 0.986804 0.000000 0.161919 0.688063 0.688063 0.688063
4126.647949 0.000000 3011.290771 0.000000 0.849117 0.000000 0.528205 0.640677 0.640677 0.640677
4120.295898 0.000000 3030.708008 0.000000 0.617762 0.000000 -0.786365 0.774326 0.774326 0.774326
4123.309082 0.000000 3009.411865 0.000000 0.218434 0.000000 0.975852 0.478135 0.478135 0.478135
4123.959961 0.000000 3033.477783 0.000000 0.872293 0.000000 0.488983 0.661606 0.661606 0.661606
4124.179199 0.000000 3014.827881 0.000000 0.668589 0.000000 -0.743632 0.776197 0.776197 0.776197
4128.413086 0.000000 3023.899902 0.000000 0.287997 0.000000 -0.957631 0.858654 0.858654 0.858654
4120.481445 0.000000 3038.501953 0.000000 0.827333 0.000000 -0.561712 0.792769 0.792769 0.792769
4125.878418 0.000000 3020.961426 0.000000 0.999763 0.000000 0.021778 0.698249 0.698249 0.698249
4127.357910 0.000000 3014.157227 0.000000 0.685272 0.000000 -0.728288 0.794097 0.794097 0.794097
4123.491211 0.000000 3012.934082 0.000000 0.367094 0.000000 -0.930184 0.831557 0.831557 0.831557
4117.487793 0.000000 3036.128174 0.000000 0.926861 0.000000 -0.375403 0.747077 0.747077 0.747077
4132.840332 0.000000 3014.716064 0.000000 0.386586 0.000000 0.922253 0.603583 0.603583 0.603583
4129.489746 0.000000 3029.409180 0.000000 0.970524 0.000000 0.241006 0.676180 0.676180 0.676180
4127.830078 0.000000 3009.615723 0.000000 0.032690 0.000000 -0.999466 0.853214 0.853214 0.853214
4121.531250 0.000000 3034.399902 0.000000 0.948773 0.000000 -0.315957 0.744943 0.744943 0.744943
4108.527344 0.000000 3039.029785 0.000000 0.579425 0.000000 0.815025 0.585111 0.585111 0.585111
4131.712402 0.000000 3024.746338 0.000000 0.160063 0.000000 -0.987107 0.830601 0.830601 0.830601
4128.307129 0.000000 3026.168701 0.000000 0.697106 0.000000 -0.716969 0.775443 0.775443 0.775443
4118.418945 0.000000 3032.882324 0.000000 0.638699 0.000000 -0.769457 0.793596 0.793596 0.793596
4118.478027 0.000000 3008.756348 0.000000 0.907735 0.000000 0.419543 0.641742 0.641742 0.641742
4131.972168 0.000000 3018.787354 0.000000 0.855918 0.000000 -0.517111 0.768383 0.768383 0.768383
4120.325684 0.000000 3010.801025 0.000000 0.183767 0.000000 -0.982970 0.922834 0.922834 0.922834
4127.953613 0.000000 3017.174072 0.000000 0.232110 0.000000 -0.972690 0.840144 0.840144 0.840144
4121.514648 0.000000 3007.447266 0.000000 0.975954 0.000000 0.217976 0.672735 0.672735 0.672735
4106.308594 0.000000 3036.577393 0.000000 0.780844 0.000000 0.624726 0.628067 0.628067 0.628067
4127.637695 0.000000 3012.558105 0.000000 0.132892 0.000000 0.991130 0.544246 0.544246 0.544246
4131.317383 0.000000 3021.749023 0.000000 0.041174 0.000000 0.999152 0.528920 0.528920 0.528920
4118.766602 0.000000 3038.248291 0.000000 0.166134 0.000000 -0.986103 0.896273 0.896273 0.896273
4129.578613 0.000000 3016.932861 0.000000 0.239911 0.000000 0.970795 0.525872 0.525872 0.525872
4120.435547 0.000000 3035.673584 0.000000 0.147900 0.000000 -0.989002 0.898854 0.898854 0.898854
4123.032227 0.000000 3037.051514 0.000000 0.511487 0.000000 -0.859291 0.842737 0.842737 0.842737
4119.779297 0.000000 3009.406494 0.000000 0.987274 0.000000 0.159030 0.678509 0.678509 0.678509
4147.427246 0.000000 3029.348389 0.000000 0.194308 0.000000 -0.980941 0.755277 0.755277 0.755277
4161.858887 0.000000 3009.209961 0.000000 0.997268 0.000000 -0.073875 0.700905 0.700905 0.700905
4143.573242 0.000000 3026.506592 0.000000 0.528656 0.000000 0.848836 0.668110 0.668110 0.668110
4139.128418 0.000000 3025.134766 0.000000 0.035533 0.000000 0.999368 0.630242 0.630242 0.630242
4143.222168 0.000000 3031.386230 0.000000 0.901277 0.000000 0.433244 0.672592 0.672592 0.672592
4149.832031 0.000000 3032.934326 0.000000 0.987197 0.000000 -0.159504 0.713437 0.713437 0.713437
4170.861816 0.000000 3007.275879 0.000000 0.194501 0.000000 0.980902 0.637522 0.637522 0.637522
4173.500977 0.000000 3015.518555 0.000000 0.880971 0.000000 -0.473170 0.722395 0.722395 0.722395
4147.121094 0.000000 3037.960938 0.000000 0.570878 0.000000 -0.821035 0.753866 0.753866 0.753866
4173.852539 0.000000 3019.052734 0.000000 0.960191 0.000000 -0.279343 0.726222 0.726222 0.726222
4169.188965 0.000000 3032.273926 0.000000 0.952572 0.000000 0.304314 0.675142 0.675142 0.675142
4173.538574 0.000000 3033.285400 0.000000 0.823013 0.000000 -0.568022 0.741173 0.741173 0.741173
4153.117188 0.000000 3034.202881 0.000000 0.134844 0.000000 -0.990867 0.845506 0.845506 0.845506
4164.687988 0.000000 3011.343750 0.000000 0.440885 0.000000 0.897564 0.616271 0.616271 0.616271
4163.909668 0.000000 3027.996582 0.000000 0.171471 0.000000 -0.985189 0.787982 0.787982 0.787982
4159.077637 0.000000 3038.715820 0.000000 0.997549 0.000000 0.069976 0.694860 0.694860 0.694860
4163.164551 0.000000 3018.694580 0.000000 0.504964 0.000000 -0.863140 0.752781 0.752781 0.752781
4168.387207 0.000000 3022.971680 0.000000 0.625625 0.000000 0.780124 0.640574 0.640574 0.640574
4142.589844 0.000000 3034.946777 0.000000 0.994667 0.000000 0.103137 0.694403 0.694403 0.694403
4162.654785 0.000000 3025.160400 0.000000 0.569061 0.000000 0.822295 0.627452 0.627452 0.627452
4173.597656 0.000000 3027.538574 0.000000 0.245384 0.000000 -0.969426 0.753172 0.753172 0.753172
4167.239746 0.000000 3017.150879 0.000000 0.910898 0.000000 0.412632 0.670267 0.670267 0.670267
4169.682617 0.000000 3019.157959 0.000000 0.504892 0.000000 0.863183 0.630833 0.630833 0.630833
4174.042969 0.000000 3008.794434 0.000000 0.451567 0.000000 0.892237 0.649916 0.649916 0.649916
4169.979980 0.000000 3038.270264 0.000000 0.894691 0.000000 0.446686 0.645781 0.645781 0.645781
4164.386719 0.000000 3007.811768 0.000000 0.909693 0.000000 0.415281 0.679793 0.679793 0.679793
4174.864258 0.000000 3038.086426 0.000000 0.036161 0.000000 -0.999346 0.788502 0.788502 0.788502
4144.450195 0.000000 3037.007568 0.000000 0.541713 0.000000 -0.840563 0.750595 0.750595 0.750595
4145.983398 0.000000 3031.753906 0.000000 0.096300 0.000000 0.995352 0.581479 0.581479 0.581479
4169.600098 0.000000 3011.079102 0.000000 0.457506 0.000000 0.889207 0.636816 0.636816 0.636816
4148.514648 0.000000 3035.444824 0.000000 0.981111 0.000000 -0.193443 0.715990 0.715990 0.715990
4153.122559 0.000000 3038.248047 0.000000 0.686792 0.000000 0.726854 0.651650 0.651650 0.651650
4144.763672 0.000000 3029.157471 0.000000 0.638178 0.000000 -0.769889 0.742995 0.742995 0.742995
4161.877441 0.000000 3038.806885 0.000000 0.362756 0.000000 0.931884 0.586797 0.586797 0.586797
4170.957031 0.000000 3034.213135 0.000000 0.972209 0.000000 0.234115 0.679352 0.679352 0.679352
4163.911133 0.000000 3030.672119 0.000000 0.212736 0.000000 -0.977110 0.804300 0.804300 0.804300
4165.850098 0.000000 3035.954346 0.000000 0.034667 0.000000 0.999399 0.512085 0.512085 0.512085
4172.289062 0.000000 3023.993408 0.000000 0.870652 0.000000 -0.491900 0.745835 0.745835 0.745835
4160.670410 0.000000 3019.360840 0.000000 0.832580 0.000000 -0.553905 0.726674 0.726674 0.726674
4141.030273 0.000000 3026.854736 0.000000 0.519409 0.000000 -0.854526 0.746557 0.746557 0.746557
4169.810547 0.000000 3028.384277 0.000000 0.925392 0.000000 -0.379010 0.725135 0.725135 0.725135
4155.625488 0.000000 3034.322754 0.000000 0.914644 0.000000 -0.404261 0.727637 0.727637 0.727637
4168.045410 0.000000 3026.623535 0.000000 0.896082 0.000000 -0.443888 0.740189 0.740189 0.740189
4165.990723 0.000000 3022.587646 0.000000 0.137879 0.000000 -0.990449 0.827672 0.827672 0.827672
4162.233398 0.000000 3015.848389 0.000000 0.150249 0.000000 -0.988648 0.799261 0.799261 0.799261
4161.208984 0.000000 3023.195068 0.000000 0.242282 0.000000 -0.970206 0.774158 0.774158 0.774158
4172.017090 0.000000 3017.537842 0.000000 0.532963 0.000000 0.846139 0.618912 0.618912 0.618912
4173.975586 0.000000 3022.142334 0.000000 0.192872 0.000000 -0.981224 0.822702 0.822702 0.822702
4165.248535 0.000000 3013.502930 0.000000 0.971772 0.000000 -0.235920 0.714151 0.714151 0.714151
4174.348145 0.000000 3031.159912 0.000000 0.957359 0.000000 0.288900 0.677976 0.677976 0.677976
4163.543457 0.000000 3034.160645 0.000000 0.703706 0.000000 0.710491 0.622668 0.622668 0.622668
4160.707520 0.000000 3036.973145 0.000000 0.902858 0.000000 -0.429938 0.730290 0.730290 0.730290
4164.326660 0.000000 3038.210205 0.000000 0.962402 0.000000 -0.271627 0.737016 0.737016 0.737016
4144.081543 0.000000 3033.370361 0.000000 0.946540 0.000000 -0.322587 0.729849 0.729849 0.729849
4147.771484 0.000000 3033.451416 0.000000 0.585848 0.000000 0.810421 0.614136 0.614136 0.614136
4172.908203 0.000000 3038.843506 0.000000 0.379208 0.000000 0.925312 0.520311 0.520311 0.520311
4167.647461 0.000000 3033.729248 0.000000 0.715766 0.000000 -0.698340 0.760796 0.760796 0.760796
4164.714844 0.000000 3020.456055 0.000000 0.883032 0.000000 0.469312 0.664998 0.664998 0.664998
4171.611328 0.000000 3032.207031 0.000000 0.974235 0.000000 0.225534 0.682905 0.682905 0.682905
4150.942383 0.000000 3034.699951 0.000000 0.629371 0.000000 0.777105 0.609784 0.609784 0.609784
4166.736328 0.000000 3015.146973 0.000000 0.843513 0.000000 -0.537109 0.741617 0.741617 0.741617
4167.587402 0.000000 3037.669678 0.000000 0.993871 0.000000 -0.110545 0.716067 0.716067 0.716067
4166.815918 0.000000 3011.189697 0.000000 0.373825 0.000000 0.927499 0.598298 0.598298 0.598298
4168.639160 0.000000 3020.906738 0.000000 0.947365 0.000000 -0.320154 0.724490 0.724490 0.724490
4170.246582 0.000000 3023.872314 0.000000 0.134023 0.000000 -0.990978 0.812958 0.812958 0.812958
4164.405273 0.000000 3023.899902 0.000000 0.960268 0.000000 0.279080 0.674792 0.674792 0.674792
4153.479980 0.000000 3036.128174 0.000000 0.998391 0.000000 0.056706 0.695439 0.695439 0.695439
4174.624023 0.000000 3017.041260 0.000000 0.925419 0.000000 0.378945 0.664002 0.664002 0.664002
4172.070312 0.000000 3019.682617 0.000000 0.560618 0.000000 0.828075 0.609632 0.609632 0.609632
4167.704590 0.000000 3024.746338 0.000000 0.293648 0.000000 0.955913 0.579891 0.579891 0.579891
4170.425293 0.000000 3035.993896 0.000000 0.226156 0.000000 -0.974091 0.817321 0.817321 0.817321
4174.939941 0.000000 3020.685303 0.000000 0.947465 0.000000 -0.319858 0.735846 0.735846 0.735846
4169.241699 0.000000 3034.183105 0.000000 0.997994 0.000000 0.063303 0.692251 0.692251 0.692251
4165.857422 0.000000 3037.584229 0.000000 0.845160 0.000000 0.534514 0.628057 0.628057 0.628057
4165.107422 0.000000 3034.518311 0.000000 0.954669 0.000000 -0.297670 0.736975 0.736975 0.736975
4167.081055 0.000000 3035.064697 0.000000 0.261980 0.000000 0.965073 0.515169 0.515169 0.515169
4105.700195 0.000000 3070.101562 0.000000 0.943399 0.000000 -0.331661 0.714179 0.714179 0.714179
4129.923828 0.000000 3057.245850 0.000000 0.041083 0.000000 0.999156 0.641188 0.641188 0.641188
4109.843262 0.000000 3066.596924 0.000000 0.547844 0.000000 -0.836580 0.745029 0.745029 0.745029
4124.027344 0.000000 3048.816650 0.000000 0.811784 0.000000 0.583958 0.667306 0.667306 0.667306
4103.412109 0.000000 3066.071045 0.000000 0.882738 0.000000 0.469866 0.677775 0.677775 0.677775
4103.146973 0.000000 3050.916748 0.000000 0.902040 0.000000 -0.431653 0.714040 0.714040 0.714040
4111.218750 0.000000 3056.021484 0.000000 0.741885 0.000000 0.670527 0.687157 0.687157 0.687157
4107.229980 0.000000 3063.378418 0.000000 0.331877 0.000000 -0.943323 0.743078 0.743078 0.743078
4115.564453 0.000000 3049.697510 0.000000 0.505543 0.000000 -0.862802 0.741834 0.741834 0.741834
4127.423828 0.000000 3054.184326 0.000000 0.699951 0.000000 0.714191 0.659686 0.659686 0.659686
4137.508789 0.000000 3047.510742 0.000000 0.929888 0.000000 -0.367843 0.724357 0.724357 0.724357
4137.860352 0.000000 3051.044922 0.000000 0.994876 0.000000 -0.101098 0.710796 0.710796 0.710796
4118.582520 0.000000 3042.637207 0.000000 0.924560 0.000000 0.381038 0.674723 0.674723 0.674723
4128.695801 0.000000 3043.335938 0.000000 0.103066 0.000000 -0.994675 0.764117 0.764117 0.764117
4127.172363 0.000000 3050.686768 0.000000 0.901459 0.000000 -0.432865 0.735205 0.735205 0.735205
4132.395020 0.000000 3054.963867 0.000000 0.873802 0.000000 -0.486282 0.737274 0.737274 0.737274
4116.216309 0.000000 3039.399658 0.000000 0.294506 0.000000 -0.955650 0.842251 0.842251 0.842251
4106.597656 0.000000 3066.938965 0.000000 0.854309 0.000000 0.519766 0.675165 0.675165 0.675165
4126.662598 0.000000 3057.152588 0.000000 0.278802 0.000000 -0.960348 0.758534 0.758534 0.758534
4105.294434 0.000000 3043.553711 0.000000 0.920986 0.000000 0.389596 0.669927 0.669927 0.669927
4137.605469 0.000000 3059.530762 0.000000 0.192293 0.000000 0.981338 0.630199 0.630199 0.630199
4131.247559 0.000000 3049.143066 0.000000 0.618859 0.000000 0.785502 0.613158 0.613158 0.613158
4133.690430 0.000000 3051.150146 0.000000 0.999962 0.000000 0.008767 0.699081 0.699081 0.699081
4138.050781 0.000000 3040.786621 0.000000 0.990792 0.000000 -0.135391 0.707357 0.707357 0.707357
4128.394531 0.000000 3039.803955 0.000000 0.742571 0.000000 -0.669767 0.747454 0.747454 0.747454
4106.051270 0.000000 3056.060547 0.000000 0.945546 0.000000 0.325488 0.684936 0.684936 0.684936
4113.332520 0.000000 3039.830811 0.000000 0.864313 0.000000 0.502954 0.673291 0.673291 0.673291
4108.458008 0.000000 3068.999756 0.000000 0.402227 0.000000 0.915540 0.647436 0.647436 0.647436
4133.607910 0.000000 3043.071289 0.000000 0.928442 0.000000 -0.371478 0.722614 0.722614 0.722614
4134.628418 0.000000 3045.667969 0.000000 0.143650 0.000000 0.989629 0.625204 0.625204 0.625204
4108.771484 0.000000 3061.149658 0.000000 0.982958 0.000000 -0.183829 0.709693 0.709693 0.709693
4138.994141 0.000000 3043.770264 0.000000 0.108426 0.000000 -0.994105 0.827762 0.827762 0.827762
4136.296875 0.000000 3055.985596 0.000000 0.849626 0.000000 -0.527385 0.742716 0.742716 0.742716
4105.038086 0.000000 3058.846924 0.000000 0.742238 0.000000 0.670137 0.640963 0.640963 0.640963
4106.373047 0.000000 3060.882324 0.000000 0.417901 0.000000 -0.908493 0.783650 0.783650 0.783650
4121.320801 0.000000 3041.103760 0.000000 0.899013 0.000000 -0.437922 0.755451 0.755451 0.755451
4109.950684 0.000000 3058.098389 0.000000 0.999891 0.000000 -0.014795 0.701138 0.701138 0.701138
4136.024902 0.000000 3049.530029 0.000000 0.738334 0.000000 -0.674435 0.764678 0.764678 0.764678
4137.983398 0.000000 3054.134521 0.000000 0.657608 0.000000 -0.753360 0.765602 0.765602 0.765602
4114.083496 0.000000 3044.709229 0.000000 0.480657 0.000000 -0.876909 0.765410 0.765410 0.765410
4107.231445 0.000000 3042.136963 0.000000 0.299573 0.000000 -0.954073 0.775256 0.775256 0.775256
4129.435059 0.000000 3050.406006 0.000000 0.040801 0.000000 -0.999167 0.836362 0.836362 0.836362
4135.866699 0.000000 3041.217773 0.000000 0.994565 0.000000 -0.104119 0.707838 0.707838 0.707838
4116.825195 0.000000 3041.399170 0.000000 0.672904 0.000000 -0.739730 0.768392 0.768392 0.768392
4132.646973 0.000000 3052.898926 0.000000 0.858811 0.000000 0.512292 0.645483 0.645483 0.645483
4123.309082 0.000000 3041.404053 0.000000 0.371844 0.000000 0.928295 0.589798 0.589798 0.589798
4134.254395 0.000000 3055.864502 0.000000 0.979888 0.000000 0.199548 0.682797 0.682797 0.682797
4104.698242 0.000000 3039.321777 0.000000 0.082504 0.000000 0.996591 0.567362 0.567362 0.567362
4105.373535 0.000000 3041.332520 0.000000 0.561216 0.000000 -0.827669 0.788597 0.788597 0.788597
4136.078125 0.000000 3051.674805 0.000000 0.225405 0.000000 -0.974265 0.843214 0.843214 0.843214
4118.478027 0.000000 3040.748535 0.000000 0.685699 0.000000 0.727885 0.608820 0.608820 0.608820
4131.972168 0.000000 3050.779541 0.000000 0.202548 0.000000 -0.979272 0.848097 0.848097 0.848097
4121.514648 0.000000 3039.439453 0.000000 0.071411 0.000000 -0.997447 0.933197 0.933197 0.933197
4155.076660 0.000000 3051.779541 0.000000 0.595991 0.000000 0.802991 0.610390 0.610390 0.610390
4151.556641 0.000000 3049.697510 0.000000 0.657711 0.000000 0.753270 0.637390 0.637390 0.637390
4173.500977 0.000000 3047.510742 0.000000 0.138573 0.000000 -0.990352 0.917687 0.917687 0.917687
4157.137207 0.000000 3060.875000 0.000000 0.527218 0.000000 -0.849730 0.755013 0.755013 0.755013
4173.852539 0.000000 3051.044922 0.000000 0.888033 0.000000 0.459779 0.629033 0.629033 0.629033
4157.414062 0.000000 3064.399414 0.000000 0.974894 0.000000 0.222671 0.689797 0.689797 0.689797
4169.188965 0.000000 3064.266113 0.000000 0.975523 0.000000 -0.219896 0.716273 0.716273 0.716273
4164.687988 0.000000 3043.335938 0.000000 0.886986 0.000000 0.461796 0.650506 0.650506 0.650506
4163.909668 0.000000 3059.988770 0.000000 0.386196 0.000000 -0.922417 0.769774 0.769774 0.769774
4163.164551 0.000000 3050.686768 0.000000 0.594849 0.000000 -0.803838 0.784851 0.784851 0.784851
4147.903809 0.000000 3043.917969 0.000000 0.968379 0.000000 -0.249484 0.729083 0.729083 0.729083
4168.387207 0.000000 3054.963867 0.000000 0.554386 0.000000 -0.832260 0.767009 0.767009 0.767009
4152.208496 0.000000 3039.399658 0.000000 0.586670 0.000000 -0.809826 0.756082 0.756082 0.756082
4159.222656 0.000000 3039.269775 0.000000 0.814107 0.000000 -0.580715 0.745478 0.745478 0.745478
4156.158203 0.000000 3054.762451 0.000000 0.787604 0.000000 -0.616181 0.783534 0.783534 0.783534
4140.080566 0.000000 3053.909180 0.000000 0.978962 0.000000 0.204044 0.683840 0.683840 0.683840
4162.654785 0.000000 3057.152588 0.000000 0.735843 0.000000 0.677152 0.651900 0.651900 0.651900
4150.383301 0.000000 3061.933838 0.000000 0.998508 0.000000 -0.054613 0.703724 0.703724 0.703724
4141.286621 0.000000 3043.553711 0.000000 0.425040 0.000000 0.905175 0.599127 0.599127 0.599127
4145.494141 0.000000 3047.041016 0.000000 0.961249 0.000000 -0.275681 0.741000 0.741000 0.741000
4173.597656 0.000000 3059.530762 0.000000 0.292608 0.000000 0.956232 0.630989 0.630989 0.630989
4158.117188 0.000000 3050.991211 0.000000 0.392453 0.000000 -0.919772 0.797935 0.797935 0.797935
4167.239746 0.000000 3049.143066 0.000000 0.679597 0.000000 0.733586 0.617961 0.617961 0.617961
4169.682617 0.000000 3051.150146 0.000000 0.831359 0.000000 0.555736 0.633066 0.633066 0.633066
4153.674805 0.000000 3060.176270 0.000000 0.356597 0.000000 -0.934258 0.788531 0.788531 0.788531
4174.042969 0.000000 3040.786621 0.000000 0.002489 0.000000 0.999997 0.464296 0.464296 0.464296
4169.979980 0.000000 3070.262451 0.000000 0.724392 0.000000 0.689388 0.644170 0.644170 0.644170
4164.386719 0.000000 3039.803955 0.000000 0.633132 0.000000 0.774044 0.580883 0.580883 0.580883
4142.043457 0.000000 3056.060547 0.000000 0.811940 0.000000 0.583741 0.669499 0.669499 0.669499
4149.324707 0.000000 3039.830811 0.000000 0.125205 0.000000 -0.992131 0.775771 0.775771 0.775771
4148.244141 0.000000 3058.620850 0.000000 0.684783 0.000000 0.728747 0.640071 0.640071 0.640071
4145.983398 0.000000 3063.746094 0.000000 0.950325 0.000000 -0.311259 0.714382 0.714382 0.714382
4169.600098 0.000000 3043.071289 0.000000 0.373746 0.000000 -0.927531 0.785103 0.785103 0.785103
4170.620605 0.000000 3045.667969 0.000000 0.696815 0.000000 0.717251 0.616132 0.616132 0.616132
4150.218262 0.000000 3052.053467 0.000000 0.921230 0.000000 0.389018 0.660897 0.660897 0.660897
4144.763672 0.000000 3061.149658 0.000000 0.864052 0.000000 0.503403 0.676030 0.676030 0.676030
4152.732422 0.000000 3056.819092 0.000000 0.598633 0.000000 -0.801024 0.771434 0.771434 0.771434
4170.957031 0.000000 3066.205322 0.000000 0.133816 0.000000 0.991006 0.599578 0.599578 0.599578
4163.911133 0.000000 3062.664307 0.000000 0.440029 0.000000 0.897984 0.616200 0.616200 0.616200
4174.986328 0.000000 3043.770264 0.000000 0.731335 0.000000 0.682018 0.592449 0.592449 0.592449
4141.790039 0.000000 3051.341553 0.000000 0.657306 0.000000 0.753624 0.623925 0.623925 0.623925
4165.850098 0.000000 3067.946533 0.000000 0.929356 0.000000 0.369185 0.665637 0.665637 0.665637
4172.289062 0.000000 3055.985596 0.000000 0.456836 0.000000 0.889551 0.629109 0.629109 0.629109
4145.040039 0.000000 3050.848633 0.000000 0.947720 0.000000 0.319102 0.669918 0.669918 0.669918
4160.670410 0.000000 3051.353027 0.000000 0.427651 0.000000 -0.903944 0.790751 0.790751 0.790751
4141.030273 0.000000 3058.846924 0.000000 0.091944 0.000000 0.995764 0.604385 0.604385 0.604385
4140.684082 0.000000 3048.714355 0.000000 0.850535 0.000000 0.525918 0.650642 0.650642 0.650642
4142.758789 0.000000 3046.469727 0.000000 0.101538 0.000000 0.994832 0.515151 0.515151 0.515151
4146.054688 0.000000 3053.727539 0.000000 0.988875 0.000000 -0.148751 0.716960 0.716960 0.716960
4144.547363 0.000000 3055.839355 0.000000 0.974778 0.000000 -0.223178 0.714553 0.714553 0.714553
4145.625977 0.000000 3042.189209 0.000000 0.630127 0.000000 0.776492 0.605222 0.605222 0.605222
4169.810547 0.000000 3060.376465 0.000000 0.608812 0.000000 0.793315 0.645559 0.645559 0.645559
4153.764160 0.000000 3053.945557 0.000000 0.819690 0.000000 -0.572808 0.756493 0.756493 0.756493
4168.045410 0.000000 3058.615723 0.000000 0.995436 0.000000 0.095429 0.693820 0.693820 0.693820
4165.990723 0.000000 3054.579834 0.000000 0.837122 0.000000 -0.547017 0.744506 0.744506 0.744506
4148.716797 0.000000 3054.080566 0.000000 0.039981 0.000000 -0.999200 0.839111 0.839111 0.839111
4149.799805 0.000000 3056.675293 0.000000 0.696726 0.000000 -0.717338 0.753125 0.753125 0.753125
4162.233398 0.000000 3047.840576 0.000000 0.292883 0.000000 0.956148 0.622102 0.622102 0.622102
4147.033203 0.000000 3049.093506 0.000000 0.318470 0.000000 0.947933 0.538778 0.538778 0.538778
4161.208984 0.000000 3055.187256 0.000000 0.284051 0.000000 0.958809 0.583428 0.583428 0.583428
4172.017090 0.000000 3049.530029 0.000000 0.492092 0.000000 -0.870543 0.862446 0.862446 0.862446
4152.566406 0.000000 3051.915527 0.000000 0.661699 0.000000 -0.749770 0.763702 0.763702 0.763702
4173.975586 0.000000 3054.134521 0.000000 0.993679 0.000000 -0.112262 0.707274 0.707274 0.707274
4150.075684 0.000000 3044.709229 0.000000 0.653045 0.000000 0.757319 0.621921 0.621921 0.621921
4143.223633 0.000000 3042.136963 0.000000 0.378690 0.000000 0.925524 0.584283 0.584283 0.584283
4149.284180 0.000000 3049.807617 0.000000 0.856527 0.000000 0.516102 0.644085 0.644085 0.644085
4165.248535 0.000000 3045.495117 0.000000 0.539744 0.000000 0.841829 0.631799 0.631799 0.631799
4168.642090 0.000000 3039.301270 0.000000 0.533504 0.000000 0.845797 0.581968 0.581968 0.581968
4147.817871 0.000000 3041.599609 0.000000 0.901679 0.000000 0.432407 0.669523 0.669523 0.669523
4165.427246 0.000000 3050.406006 0.000000 0.467976 0.000000 0.883741 0.576888 0.576888 0.576888
4171.858887 0.000000 3041.217773 0.000000 0.486002 0.000000 -0.873958 0.826357 0.826357 0.826357
4167.038086 0.000000 3063.322266 0.000000 0.868971 0.000000 -0.494863 0.732569 0.732569 0.732569
4163.543457 0.000000 3066.152832 0.000000 0.411057 0.000000 -0.911610 0.786206 0.786206 0.786206
4173.403320 0.000000 3045.417725 0.000000 0.747136 0.000000 -0.664671 0.786400 0.786400 0.786400
4150.507812 0.000000 3047.879883 0.000000 0.220767 0.000000 0.975327 0.591620 0.591620 0.591620
4157.216797 0.000000 3052.883545 0.000000 0.709535 0.000000 -0.704670 0.806590 0.806590 0.806590
4167.647461 0.000000 3065.721436 0.000000 0.002456 0.000000 -0.999997 0.815114 0.815114 0.815114
4164.714844 0.000000 3052.448242 0.000000 0.784477 0.000000 0.620158 0.621675 0.621675 0.621675
4166.736328 0.000000 3047.139160 0.000000 0.999984 0.000000 0.005614 0.699529 0.699529 0.699529
4167.587402 0.000000 3069.661865 0.000000 0.969738 0.000000 0.244147 0.677587 0.677587 0.677587
4166.815918 0.000000 3043.181885 0.000000 0.955241 0.000000 0.295829 0.678482 0.678482 0.678482
4158.029297 0.000000 3055.702881 0.000000 0.754592 0.000000 -0.656195 0.782557 0.782557 0.782557
4168.639160 0.000000 3052.898926 0.000000 0.869321 0.000000 0.494248 0.637662 0.637662 0.637662
4162.640137 0.000000 3043.282959 0.000000 0.550057 0.000000 -0.835127 0.812271 0.812271 0.812271
4146.099121 0.000000 3045.166016 0.000000 0.025496 0.000000 0.999675 0.489358 0.489358 0.489358
4164.405273 0.000000 3055.892090 0.000000 0.913444 0.000000 0.406965 0.667772 0.667772 0.667772
4154.455078 0.000000 3055.828857 0.000000 0.981804 0.000000 -0.189895 0.724374 0.724374 0.724374
4169.716797 0.000000 3040.993652 0.000000 0.935200 0.000000 0.354119 0.669004 0.669004 0.669004
4161.870605 0.000000 3052.953613 0.000000 0.135854 0.000000 -0.990729 0.840389 0.840389 0.840389
4168.832520 0.000000 3046.708252 0.000000 0.053894 0.000000 -0.998547 0.829893 0.829893 0.829893
4163.822266 0.000000 3041.607910 0.000000 0.997761 0.000000 0.066886 0.688536 0.688536 0.688536
4174.624023 0.000000 3049.033447 0.000000 0.998132 0.000000 0.061093 0.691026 0.691026 0.691026
4172.070312 0.000000 3051.674805 0.000000 0.866928 0.000000 0.498434 0.622491 0.622491 0.622491
4171.650879 0.000000 3047.322021 0.000000 0.430660 0.000000 0.902514 0.556407 0.556407 0.556407
4145.020996 0.000000 3048.722656 0.000000 0.971351 0.000000 0.237650 0.666454 0.666454 0.666454
4166.097168 0.000000 3039.362793 0.000000 0.551672 0.000000 -0.834061 0.834462 0.834462 0.834462
4165.573730 0.000000 3041.475342 0.000000 0.994592 0.000000 0.103857 0.685454 0.685454 0.685454
4172.636230 0.000000 3039.497070 0.000000 0.758148 0.000000 -0.652083 0.807998 0.807998 0.807998
4162.505371 0.000000 3039.460693 0.000000 0.959093 0.000000 0.283092 0.662883 0.662883 0.662883
4139.607910 0.000000 3044.547852 0.000000 0.987338 0.000000 0.158631 0.684688 0.684688 0.684688
4167.964355 0.000000 3050.779541 0.000000 0.418454 0.000000 -0.908238 0.831379 0.831379 0.831379
4149.179688 0.000000 3042.736572 0.000000 0.992725 0.000000 0.120400 0.687977 0.687977 0.687977
4174.939941 0.000000 3052.677490 0.000000 0.924402 0.000000 0.381419 0.658967 0.658967 0.658967
4148.563965 0.000000 3045.455811 0.000000 0.395051 0.000000 0.918659 0.565666 0.565666 0.565666
4173.885742 0.000000 3042.527832 0.000000 0.211157 0.000000 0.977452 0.526750 0.526750 0.526750
4159.628418 0.000000 3055.542480 0.000000 0.151032 0.000000 -0.988529 0.863689 0.863689 0.863689
4144.289062 0.000000 3045.966064 0.000000 0.689099 0.000000 -0.724667 0.810487 0.810487 0.810487
4143.931641 0.000000 3047.604248 0.000000 0.882318 0.000000 -0.470653 0.761659 0.761659 0.761659
4167.309570 0.000000 3053.741211 0.000000 0.783428 0.000000 0.621482 0.617961 0.617961 0.617961
4155.405762 0.000000 3053.296631 0.000000 0.847756 0.000000 -0.530386 0.769367 0.769367 0.769367
4147.005371 0.000000 3046.545166 0.000000 0.993062 0.000000 0.117595 0.683315 0.683315 0.683315
4142.080566 0.000000 3047.935791 0.000000 0.954634 0.000000 0.297782 0.661954 0.661954 0.661954
4159.289551 0.000000 3052.113525 0.000000 0.305488 0.000000 0.952196 0.545821 0.545821 0.545821
4170.458984 0.000000 3049.803955 0.000000 0.701258 0.000000 -0.712908 0.798473 0.798473 0.798473
4208.083984 0.000000 2966.202881 0.000000 0.934302 0.000000 -0.356483 0.713377 0.713377 0.713377
4204.456543 0.000000 2971.798828 0.000000 0.495408 0.000000 -0.868661 0.745983 0.745983 0.745983
4206.949219 0.000000 2970.228760 0.000000 0.878919 0.000000 0.476971 0.677408 0.677408 0.677408
4211.792969 0.000000 2965.337158 0.000000 0.979408 0.000000 -0.201893 0.708171 0.708171 0.708171
4213.676758 0.000000 2974.125000 0.000000 0.941074 0.000000 -0.338199 0.705426 0.705426 0.705426
4231.181641 0.000000 2957.862793 0.000000 0.748839 0.000000 -0.662752 0.732919 0.732919 0.732919
4239.319824 0.000000 2945.213135 0.000000 0.620273 0.000000 0.784386 0.668484 0.668484 0.668484
4241.970215 0.000000 2952.348389 0.000000 0.993947 0.000000 -0.109861 0.704040 0.704040 0.704040
4238.771484 0.000000 2956.129883 0.000000 0.482618 0.000000 0.875831 0.686945 0.686945 0.686945
4211.388672 0.000000 2970.094482 0.000000 0.746610 0.000000 0.665262 0.666929 0.666929 0.666929
4227.061035 0.000000 2955.802979 0.000000 0.997786 0.000000 0.066509 0.696976 0.696976 0.696976
4223.023438 0.000000 2962.952637 0.000000 0.908143 0.000000 -0.418660 0.715098 0.715098 0.715098
4220.228516 0.000000 2962.644287 0.000000 0.737081 0.000000 -0.675804 0.733717 0.733717 0.733717
4217.967773 0.000000 2967.769531 0.000000 0.573437 0.000000 0.819250 0.663087 0.663087 0.663087
4224.716797 0.000000 2960.842529 0.000000 0.999021 0.000000 -0.044233 0.702010 0.702010 0.702010
4232.654785 0.000000 2955.376465 0.000000 0.998448 0.000000 0.055683 0.697469 0.697469 0.697469
4197.851074 0.000000 2977.217773 0.000000 0.879931 0.000000 0.475102 0.680966 0.680966 0.680966
4175.396484 0.000000 3002.086670 0.000000 0.644171 0.000000 0.764882 0.680215 0.680215 0.680215
4193.862793 0.000000 2979.474609 0.000000 0.574494 0.000000 0.818509 0.683244 0.683244 0.683244
4179.214355 0.000000 2999.394043 0.000000 0.912237 0.000000 -0.409662 0.718441 0.718441 0.718441
4193.406250 0.000000 3000.415039 0.000000 0.883779 0.000000 0.467905 0.674472 0.674472 0.674472
4200.680176 0.000000 2979.351562 0.000000 0.852077 0.000000 0.523416 0.674971 0.674971 0.674971
4195.069824 0.000000 3006.723633 0.000000 0.391488 0.000000 -0.920183 0.757180 0.757180 0.757180
4178.582031 0.000000 3002.954590 0.000000 0.634369 0.000000 0.773030 0.658307 0.658307 0.658307
4200.378906 0.000000 2975.819580 0.000000 0.685093 0.000000 0.728456 0.662920 0.662920 0.662920
4189.114746 0.000000 3006.255859 0.000000 0.923730 0.000000 0.383045 0.678017 0.678017 0.678017
4197.869629 0.000000 3006.814697 0.000000 0.102382 0.000000 0.994745 0.625590 0.625590 0.625590
4210.978516 0.000000 2979.785889 0.000000 0.935622 0.000000 -0.353003 0.716393 0.716393 0.716393
4179.215820 0.000000 2978.152588 0.000000 0.842907 0.000000 -0.538060 0.732764 0.732764 0.732764
4193.575684 0.000000 3004.817627 0.000000 0.995656 0.000000 -0.093111 0.707170 0.707170 0.707170
4232.616699 0.000000 2997.126465 0.000000 0.977826 0.000000 -0.209420 0.702212 0.702212 0.702212
4215.423828 0.000000 2989.418945 0.000000 0.926101 0.000000 -0.377277 0.706084 0.706084 0.706084
4220.455566 0.000000 2983.164551 0.000000 0.988506 0.000000 -0.151182 0.702917 0.702917 0.702917
4211.417480 0.000000 2976.932861 0.000000 0.294587 0.000000 -0.955625 0.742228 0.742228 0.742228
4216.163574 0.000000 2980.335205 0.000000 0.503649 0.000000 0.863909 0.656255 0.656255 0.656255
4223.023438 0.000000 2994.944824 0.000000 0.893542 0.000000 0.448980 0.667451 0.667451 0.667451
4219.195312 0.000000 2992.037109 0.000000 0.875128 0.000000 0.483892 0.689408 0.689408 0.689408
4227.366699 0.000000 3004.796631 0.000000 0.855630 0.000000 -0.517588 0.711409 0.711409 0.711409
4235.235840 0.000000 3004.334473 0.000000 0.706126 0.000000 0.708087 0.679375 0.679375 0.679375
4223.541016 0.000000 2985.713135 0.000000 0.999340 0.000000 -0.036313 0.700825 0.700825 0.700825
4233.921875 0.000000 3000.678955 0.000000 0.606504 0.000000 -0.795080 0.730519 0.730519 0.730519
4229.121582 0.000000 2996.890625 0.000000 0.433958 0.000000 -0.900933 0.750977 0.750977 0.750977
4229.398438 0.000000 3000.415039 0.000000 0.726316 0.000000 0.687361 0.665565 0.665565 0.665565
4231.062012 0.000000 3006.723633 0.000000 0.555619 0.000000 0.831437 0.655395 0.655395 0.655395
4222.367676 0.000000 2997.949463 0.000000 0.839159 0.000000 -0.543886 0.720099 0.720099 0.720099
4213.270996 0.000000 2979.569336 0.000000 0.505496 0.000000 -0.862829 0.747293 0.747293 0.747293
4217.478516 0.000000 2983.056641 0.000000 0.355899 0.000000 0.934524 0.645161 0.645161 0.645161
4225.659180 0.000000 2996.191895 0.000000 0.435076 0.000000 -0.900394 0.750920 0.750920 0.750920
4222.202637 0.000000 2988.069092 0.000000 0.491918 0.000000 0.870641 0.640917 0.640917 0.640917
4224.716797 0.000000 2992.834717 0.000000 0.999008 0.000000 0.044533 0.695952 0.695952 0.695952
4233.861816 0.000000 3006.814697 0.000000 0.965248 0.000000 0.261336 0.687986 0.687986 0.687986
4217.024414 0.000000 2986.864258 0.000000 0.735016 0.000000 -0.678050 0.733856 0.733856 0.733856
4212.668457 0.000000 2984.729980 0.000000 0.892257 0.000000 -0.451527 0.721286 0.721286 0.721286
4214.743164 0.000000 2982.485352 0.000000 0.147667 0.000000 -0.989037 0.764638 0.764638 0.764638
4225.748535 0.000000 2989.961182 0.000000 0.810057 0.000000 -0.586351 0.738323 0.738323 0.738323
4220.701172 0.000000 2990.096191 0.000000 0.907804 0.000000 0.419395 0.673529 0.673529 0.673529
4221.784180 0.000000 2992.690918 0.000000 0.894361 0.000000 -0.447346 0.733231 0.733231 0.733231
4208.083984 0.000000 3030.187256 0.000000 0.725106 0.000000 0.688638 0.693363 0.693363 0.693363
4208.289062 0.000000 3036.631836 0.000000 0.204805 0.000000 -0.978803 0.723846 0.723846 0.723846
4202.779297 0.000000 3020.114258 0.000000 0.622420 0.000000 -0.782683 0.737704 0.737704 0.737704
4179.565430 0.000000 3026.506592 0.000000 0.033966 0.000000 -0.999423 0.807429 0.807429 0.807429
4191.068848 0.000000 3019.787354 0.000000 0.053910 0.000000 0.998546 0.628427 0.628427 0.628427
4203.412598 0.000000 3029.173584 0.000000 0.432800 0.000000 -0.901490 0.811884 0.811884 0.811884
4179.214355 0.000000 3031.386230 0.000000 0.213662 0.000000 -0.976908 0.811334 0.811334 0.811334
4185.824219 0.000000 3032.934326 0.000000 0.146437 0.000000 -0.989220 0.829390 0.829390 0.829390
4204.456543 0.000000 3035.783203 0.000000 0.989406 0.000000 -0.145175 0.713749 0.713749 0.713749
4193.129395 0.000000 3028.882812 0.000000 0.822828 0.000000 0.568291 0.672537 0.672537 0.672537
4178.819336 0.000000 3007.868408 0.000000 0.379787 0.000000 -0.925074 0.743350 0.743350 0.743350
4193.406250 0.000000 3032.407227 0.000000 0.243750 0.000000 -0.969838 0.845832 0.845832 0.845832
4205.181152 0.000000 3032.273926 0.000000 0.500311 0.000000 -0.865846 0.806107 0.806107 0.806107
4189.109375 0.000000 3034.202881 0.000000 0.982540 0.000000 -0.186052 0.723874 0.723874 0.723874
4200.680176 0.000000 3011.343750 0.000000 0.952555 0.000000 0.304367 0.685947 0.685947 0.685947
4199.901855 0.000000 3027.996582 0.000000 0.088636 0.000000 -0.996064 0.803600 0.803600 0.803600
4195.069824 0.000000 3038.715820 0.000000 0.349041 0.000000 0.937107 0.625730 0.625730 0.625730
4199.156738 0.000000 3018.694580 0.000000 0.664179 0.000000 0.747573 0.636546 0.636546 0.636546
4183.895996 0.000000 3011.925781 0.000000 0.991966 0.000000 0.126508 0.691355 0.691355 0.691355
4204.379395 0.000000 3022.971680 0.000000 0.115955 0.000000 0.993255 0.654244 0.654244 0.654244
4188.200684 0.000000 3007.407471 0.000000 0.952084 0.000000 -0.305836 0.717382 0.717382 0.717382
4195.214844 0.000000 3007.277588 0.000000 0.273028 0.000000 -0.962006 0.763331 0.763331 0.763331
4192.150391 0.000000 3022.770264 0.000000 0.960947 0.000000 -0.276732 0.725480 0.725480 0.725480
4176.072754 0.000000 3021.916992 0.000000 0.921617 0.000000 0.388101 0.654029 0.654029 0.654029
4198.646973 0.000000 3025.160400 0.000000 0.022937 0.000000 -0.999737 0.794675 0.794675 0.794675
4186.375488 0.000000 3029.941650 0.000000 0.620957 0.000000 0.783845 0.629157 0.629157 0.629157
4194.208984 0.000000 3014.457764 0.000000 0.767663 0.000000 0.640854 0.656237 0.656237 0.656237
4177.278809 0.000000 3011.561523 0.000000 0.584552 0.000000 -0.811356 0.744659 0.744659 0.744659
4181.486328 0.000000 3015.048828 0.000000 0.963229 0.000000 -0.268682 0.724720 0.724720 0.724720
4194.109375 0.000000 3018.999023 0.000000 0.947611 0.000000 -0.319425 0.730114 0.730114 0.730114
4189.666992 0.000000 3028.184082 0.000000 0.551996 0.000000 -0.833847 0.777543 0.777543 0.777543
4205.972168 0.000000 3038.270264 0.000000 0.513687 0.000000 0.857977 0.642326 0.642326 0.642326
4178.035645 0.000000 3024.068359 0.000000 0.292185 0.000000 0.956362 0.626512 0.626512 0.626512
4184.236328 0.000000 3026.628662 0.000000 0.488064 0.000000 -0.872808 0.751914 0.751914 0.751914
4181.975586 0.000000 3031.753906 0.000000 0.089129 0.000000 0.996020 0.593846 0.593846 0.593846
4184.506836 0.000000 3035.444824 0.000000 0.887424 0.000000 0.460955 0.677395 0.677395 0.677395
4186.210449 0.000000 3020.061279 0.000000 0.583363 0.000000 -0.812212 0.746385 0.746385 0.746385
4180.755859 0.000000 3029.157471 0.000000 0.675143 0.000000 -0.737687 0.768143 0.768143 0.768143
4188.724609 0.000000 3024.826904 0.000000 0.925914 0.000000 0.377734 0.663446 0.663446 0.663446
4197.869629 0.000000 3038.806885 0.000000 0.628518 0.000000 -0.777795 0.752950 0.752950 0.752950
4206.949219 0.000000 3034.213135 0.000000 0.456875 0.000000 0.889531 0.642523 0.642523 0.642523
4199.903320 0.000000 3030.672119 0.000000 0.246285 0.000000 -0.969197 0.794719 0.794719 0.794719
4177.782227 0.000000 3019.349365 0.000000 0.487164 0.000000 -0.873310 0.824342 0.824342 0.824342
4201.842285 0.000000 3035.954346 0.000000 0.983503 0.000000 -0.180892 0.721933 0.721933 0.721933
4181.032227 0.000000 3018.856445 0.000000 0.561025 0.000000 -0.827799 0.751126 0.751126 0.751126
4196.662598 0.000000 3019.360840 0.000000 0.664756 0.000000 -0.747060 0.781087 0.781087 0.781087
4177.022461 0.000000 3026.854736 0.000000 0.341915 0.000000 0.939731 0.629536 0.629536 0.629536
4176.676270 0.000000 3016.722168 0.000000 0.943929 0.000000 0.330149 0.667660 0.667660 0.667660
4178.750977 0.000000 3014.477539 0.000000 0.266981 0.000000 0.963702 0.581814 0.581814 0.581814
4181.618164 0.000000 3010.197021 0.000000 0.859258 0.000000 0.511543 0.662463 0.662463 0.662463
4205.802734 0.000000 3028.384277 0.000000 0.401790 0.000000 -0.915732 0.778878 0.778878 0.778878
4191.617676 0.000000 3034.322754 0.000000 0.970262 0.000000 -0.242059 0.729908 0.729908 0.729908
4176.796387 0.000000 3031.960693 0.000000 0.856218 0.000000 0.516615 0.654460 0.654460 0.654460
4189.756348 0.000000 3021.953369 0.000000 0.835369 0.000000 -0.549689 0.738649 0.738649 0.738649
4204.037598 0.000000 3026.623535 0.000000 0.804152 0.000000 -0.594423 0.737822 0.737822 0.737822
4195.775391 0.000000 3031.461426 0.000000 0.960632 0.000000 0.277824 0.684748 0.684748 0.684748
4178.357422 0.000000 3028.890137 0.000000 0.090210 0.000000 0.995923 0.578400 0.578400 0.578400
4201.982910 0.000000 3022.587646 0.000000 0.532358 0.000000 0.846520 0.648843 0.648843 0.648843
4188.000488 0.000000 3031.783203 0.000000 0.930416 0.000000 -0.366504 0.738691 0.738691 0.738691
4181.935059 0.000000 3026.106201 0.000000 0.932934 0.000000 0.360046 0.678115 0.678115 0.678115
4197.201172 0.000000 3023.195068 0.000000 0.595006 0.000000 0.803721 0.644532 0.644532 0.644532
4175.142090 0.000000 3038.741211 0.000000 0.713822 0.000000 -0.700327 0.744744 0.744744 0.744744
4179.215820 0.000000 3010.144775 0.000000 0.641866 0.000000 -0.766817 0.761086 0.761086 0.761086
4184.249512 0.000000 3031.412354 0.000000 0.757850 0.000000 -0.652429 0.748444 0.748444 0.748444
4193.575684 0.000000 3036.809814 0.000000 0.572251 0.000000 -0.820079 0.765535 0.765535 0.765535
4203.030273 0.000000 3031.330078 0.000000 0.059728 0.000000 0.998215 0.517795 0.517795 0.517795
4199.535645 0.000000 3034.160645 0.000000 0.246843 0.000000 -0.969055 0.801605 0.801605 0.801605
4196.699707 0.000000 3036.973145 0.000000 0.835769 0.000000 -0.549081 0.737585 0.737585 0.737585
4200.318848 0.000000 3038.210205 0.000000 0.989478 0.000000 0.144682 0.688328 0.688328 0.688328
4193.208984 0.000000 3020.891357 0.000000 0.113964 0.000000 0.993485 0.567634 0.567634 0.567634
4203.639648 0.000000 3033.729248 0.000000 0.112164 0.000000 -0.993690 0.888602 0.888602 0.888602
4201.960449 0.000000 3027.450195 0.000000 0.752401 0.000000 0.658705 0.634653 0.634653 0.634653
4186.934570 0.000000 3034.699951 0.000000 0.666418 0.000000 0.745579 0.616186 0.616186 0.616186
4203.579590 0.000000 3037.669678 0.000000 0.678408 0.000000 0.734686 0.607705 0.607705 0.607705
4194.021484 0.000000 3023.710693 0.000000 0.608424 0.000000 -0.793612 0.772092 0.772092 0.772092
4192.280273 0.000000 3030.708008 0.000000 0.817324 0.000000 0.576178 0.650638 0.650638 0.650638
4182.091309 0.000000 3013.173828 0.000000 0.153618 0.000000 0.988130 0.588599 0.588599 0.588599
4188.595703 0.000000 3029.901367 0.000000 0.901418 0.000000 -0.432949 0.735213 0.735213 0.735213
4190.447266 0.000000 3023.836670 0.000000 0.933407 0.000000 0.358820 0.666649 0.666649 0.666649
4197.862793 0.000000 3020.961426 0.000000 0.967378 0.000000 -0.253339 0.724171 0.724171 0.724171
4189.472168 0.000000 3036.128174 0.000000 0.441659 0.000000 0.897183 0.587151 0.587151 0.587151
4201.474121 0.000000 3029.409180 0.000000 0.007535 0.000000 -0.999972 0.855720 0.855720 0.855720
4193.515625 0.000000 3034.399902 0.000000 0.993740 0.000000 -0.111714 0.711934 0.711934 0.711934
4200.291504 0.000000 3026.168701 0.000000 0.770543 0.000000 0.637388 0.637196 0.637196 0.637196
4197.576172 0.000000 3017.785889 0.000000 0.798930 0.000000 0.601424 0.642488 0.642488 0.642488
4190.403320 0.000000 3032.882324 0.000000 0.446303 0.000000 -0.894882 0.845246 0.845246 0.845246
4192.191895 0.000000 3018.455322 0.000000 0.569120 0.000000 -0.822254 0.787727 0.787727 0.787727
4176.217285 0.000000 3020.246582 0.000000 0.576652 0.000000 -0.816990 0.810285 0.810285 0.810285
4179.429688 0.000000 3019.643311 0.000000 0.320795 0.000000 0.947149 0.565188 0.565188 0.565188
4201.462891 0.000000 3031.057129 0.000000 0.889451 0.000000 -0.457030 0.753917 0.753917 0.753917
4187.604004 0.000000 3033.285156 0.000000 0.721490 0.000000 -0.692425 0.789554 0.789554 0.789554
4201.099609 0.000000 3034.518311 0.000000 0.096871 0.000000 -0.995297 0.877712 0.877712 0.877712
4191.842285 0.000000 3032.336182 0.000000 0.999868 0.000000 0.016267 0.697868 0.697868 0.697868
4231.048340 0.000000 3025.569336 0.000000 0.864000 0.000000 0.503491 0.685247 0.685247 0.685247
4235.894043 0.000000 3027.996582 0.000000 0.883675 0.000000 -0.468102 0.722134 0.722134 0.722134
4235.148926 0.000000 3018.694580 0.000000 0.172846 0.000000 -0.984949 0.763479 0.763479 0.763479
4231.207031 0.000000 3007.277588 0.000000 0.873464 0.000000 -0.486888 0.723106 0.723106 0.723106
4234.639160 0.000000 3025.160400 0.000000 0.385127 0.000000 -0.922864 0.753409 0.753409 0.753409
4230.201172 0.000000 3014.457764 0.000000 0.903072 0.000000 0.429489 0.679829 0.679829 0.679829
4230.101562 0.000000 3018.999023 0.000000 0.934123 0.000000 0.356951 0.684691 0.684691 0.684691
4232.654785 0.000000 3019.360840 0.000000 0.811576 0.000000 0.584248 0.671649 0.671649 0.671649
4207.430664 0.000000 3053.473145 0.000000 0.357768 0.000000 -0.933811 0.754748 0.754748 0.754748
4208.291016 0.000000 3043.437744 0.000000 0.354282 0.000000 -0.935139 0.716898 0.716898 0.716898
4175.425293 0.000000 3040.917236 0.000000 0.494212 0.000000 -0.869342 0.858388 0.858388 0.858388
4206.854004 0.000000 3039.268066 0.000000 0.314589 0.000000 -0.949228 0.750274 0.750274 0.750274
4209.844727 0.000000 3051.044922 0.000000 0.968460 0.000000 -0.249170 0.707922 0.707922 0.707922
4190.566895 0.000000 3042.637207 0.000000 0.648283 0.000000 0.761399 0.663700 0.663700 0.663700
4200.680176 0.000000 3043.335938 0.000000 0.789009 0.000000 -0.614381 0.752029 0.752029 0.752029
4199.156738 0.000000 3050.686768 0.000000 0.976507 0.000000 -0.215485 0.715562 0.715562 0.715562
4183.895996 0.000000 3043.917969 0.000000 0.163120 0.000000 0.986606 0.596732 0.596732 0.596732
4188.200684 0.000000 3039.399658 0.000000 0.176866 0.000000 0.984235 0.646444 0.646444 0.646444
4195.214844 0.000000 3039.269775 0.000000 0.992936 0.000000 -0.118652 0.707274 0.707274 0.707274
4176.072754 0.000000 3053.909180 0.000000 0.987012 0.000000 -0.160645 0.714098 0.714098 0.714098
4194.208984 0.000000 3046.449951 0.000000 0.749853 0.000000 -0.661604 0.764435 0.764435 0.764435
4177.278809 0.000000 3043.553711 0.000000 0.390381 0.000000 -0.920653 0.836964 0.836964 0.836964
4181.486328 0.000000 3047.041016 0.000000 0.098634 0.000000 0.995124 0.599675 0.599675 0.599675
4194.109375 0.000000 3050.991211 0.000000 0.998977 0.000000 -0.045220 0.703874 0.703874 0.703874
4203.231934 0.000000 3049.143066 0.000000 0.891700 0.000000 0.452626 0.664703 0.664703 0.664703
4205.674805 0.000000 3051.150146 0.000000 0.996801 0.000000 -0.079918 0.703635 0.703635 0.703635
4200.378906 0.000000 3039.803955 0.000000 0.941794 0.000000 0.336191 0.672437 0.672437 0.672437
4205.592285 0.000000 3043.071289 0.000000 0.731417 0.000000 -0.681930 0.735407 0.735407 0.735407
4206.612793 0.000000 3045.667969 0.000000 0.114068 0.000000 -0.993473 0.761088 0.761088 0.761088
4186.210449 0.000000 3052.053467 0.000000 0.559327 0.000000 0.828947 0.600949 0.600949 0.600949
4188.724609 0.000000 3056.819092 0.000000 0.692907 0.000000 -0.721027 0.753477 0.753477 0.753477
4177.782227 0.000000 3051.341553 0.000000 0.264175 0.000000 0.964475 0.533714 0.533714 0.533714
4181.032227 0.000000 3050.848633 0.000000 0.093859 0.000000 -0.995586 0.836784 0.836784 0.836784
4196.662598 0.000000 3051.353027 0.000000 0.942260 0.000000 -0.334884 0.724467 0.724467 0.724467
4176.676270 0.000000 3048.714355 0.000000 0.954624 0.000000 -0.297815 0.732237 0.732237 0.732237
4178.750977 0.000000 3046.469727 0.000000 0.091552 0.000000 -0.995800 0.798225 0.798225 0.798225
4190.395508 0.000000 3045.141357 0.000000 0.796278 0.000000 -0.604931 0.735196 0.735196 0.735196
4181.618164 0.000000 3042.189209 0.000000 0.980057 0.000000 0.198715 0.681471 0.681471 0.681471
4189.756348 0.000000 3053.945557 0.000000 0.073366 0.000000 0.997305 0.540377 0.540377 0.540377
4184.708984 0.000000 3054.080566 0.000000 0.866821 0.000000 0.498620 0.670808 0.670808 0.670808
4198.225586 0.000000 3047.840576 0.000000 0.612402 0.000000 -0.790547 0.803563 0.803563 0.803563
4190.084473 0.000000 3049.535645 0.000000 0.617557 0.000000 0.786526 0.606671 0.606671 0.606671
4183.025391 0.000000 3049.093506 0.000000 0.019475 0.000000 -0.999810 0.835553 0.835553 0.835553
4196.315918 0.000000 3043.154297 0.000000 0.983873 0.000000 0.178868 0.684915 0.684915 0.684915
4188.558594 0.000000 3051.915527 0.000000 0.278590 0.000000 0.960410 0.573904 0.573904 0.573904
4186.067871 0.000000 3044.709229 0.000000 0.295119 0.000000 0.955461 0.584479 0.584479 0.584479
4179.215820 0.000000 3042.136963 0.000000 0.914428 0.000000 0.404748 0.662132 0.662132 0.662132
4193.176758 0.000000 3048.906738 0.000000 0.999946 0.000000 -0.010361 0.700978 0.700978 0.700978
4185.276367 0.000000 3049.807617 0.000000 0.984469 0.000000 -0.175561 0.713878 0.713878 0.713878
4201.240723 0.000000 3045.495117 0.000000 0.892883 0.000000 -0.450288 0.744079 0.744079 0.744079
4186.500000 0.000000 3047.879883 0.000000 0.708417 0.000000 -0.705794 0.778051 0.778051 0.778051
4202.728516 0.000000 3047.139160 0.000000 0.409149 0.000000 -0.912467 0.794397 0.794397 0.794397
4188.870605 0.000000 3047.934570 0.000000 0.161703 0.000000 -0.986840 0.837831 0.837831 0.837831
4198.632324 0.000000 3043.282959 0.000000 0.613634 0.000000 0.789591 0.618882 0.618882 0.618882
4182.091309 0.000000 3045.166016 0.000000 0.650672 0.000000 -0.759359 0.779870 0.779870 0.779870
4196.163574 0.000000 3046.820068 0.000000 0.986079 0.000000 0.166279 0.680440 0.680440 0.680440
4190.447266 0.000000 3055.828857 0.000000 0.709988 0.000000 -0.704214 0.762809 0.762809 0.762809
4199.342285 0.000000 3046.149414 0.000000 0.356708 0.000000 -0.934216 0.836999 0.836999 0.836999
4195.475586 0.000000 3044.926270 0.000000 0.708806 0.000000 -0.705404 0.765681 0.765681 0.765681
4197.576172 0.000000 3049.778076 0.000000 0.995668 0.000000 0.092975 0.689261 0.689261 0.689261
4192.191895 0.000000 3050.447510 0.000000 0.980772 0.000000 -0.195156 0.718879 0.718879 0.718879
4175.600098 0.000000 3044.547852 0.000000 0.997424 0.000000 0.071726 0.690967 0.690967 0.690967
4175.763184 0.000000 3042.711426 0.000000 0.996822 0.000000 -0.079659 0.711427 0.711427 0.711427
4199.937988 0.000000 3049.166260 0.000000 0.472610 0.000000 -0.881272 0.828170 0.828170 0.828170
4179.429688 0.000000 3051.635498 0.000000 0.916265 0.000000 0.400573 0.654624 0.654624 0.654624
4175.127441 0.000000 3047.677490 0.000000 0.768141 0.000000 0.640281 0.597996 0.597996 0.597996
4176.610352 0.000000 3050.314209 0.000000 0.959135 0.000000 -0.282950 0.736597 0.736597 0.736597
4175.160645 0.000000 3049.267334 0.000000 0.872815 0.000000 -0.488052 0.774845 0.774845 0.774845
4211.867676 0.000000 3046.243896 0.000000 0.040745 0.000000 -0.999170 0.702674 0.702674 0.702674
4110.394043 0.000000 3071.782471 0.000000 0.669813 0.000000 0.742530 0.689763 0.689763 0.689763
4106.834961 0.000000 3071.852783 0.000000 0.954777 0.000000 -0.297324 0.713189 0.713189 0.713189
4164.386719 0.000000 3071.796143 0.000000 0.044511 0.000000 0.999009 0.619981 0.619981 0.619981
4168.642090 0.000000 3071.293457 0.000000 0.983202 0.000000 0.182520 0.686528 0.686528 0.686528
"}
