object={
	name="tree_cypress_01_generator_1_0"
	clamp_to_water_level=no
	render_under_water=no
	generated_content=yes
	layer="tree_high_layer"
	pdxmesh="tree_cypress_01_a_mesh"
	count=199
	transform="3302.446777 0.000000 2047.475708 0.000000 0.838664 0.000000 0.544649 1.000000 1.000000 1.000000
3311.090820 0.000000 2032.935791 0.000000 0.951503 0.000000 0.307639 1.000000 1.000000 1.000000
3306.740234 0.000000 2034.195923 0.000000 0.169217 0.000000 -0.985579 1.000000 1.000000 1.000000
3310.040283 0.000000 2027.294800 0.000000 0.791412 0.000000 -0.611283 1.000000 1.000000 1.000000
3309.784912 0.000000 2035.780640 0.000000 0.893463 0.000000 0.449137 1.000000 1.000000 1.000000
3307.777100 0.000000 2035.992432 0.000000 0.196327 0.000000 0.980538 1.000000 1.000000 1.000000
3374.431152 0.000000 2015.483521 0.000000 0.998327 0.000000 -0.057812 1.000000 1.000000 1.000000
3370.049316 0.000000 2015.056885 0.000000 0.216557 0.000000 -0.976270 1.000000 1.000000 1.000000
3364.645508 0.000000 2014.751953 0.000000 0.997983 0.000000 0.063477 1.000000 1.000000 1.000000
3344.271484 0.000000 2038.429443 0.000000 0.741460 0.000000 0.670997 1.000000 1.000000 1.000000
3332.812012 0.000000 2037.360840 0.000000 0.080859 0.000000 0.996726 1.000000 1.000000 1.000000
3327.516357 0.000000 2034.108887 0.000000 0.429034 0.000000 0.903288 1.000000 1.000000 1.000000
3342.165771 0.000000 2024.574829 0.000000 0.085308 0.000000 -0.996355 1.000000 1.000000 1.000000
3332.198975 0.000000 2025.066528 0.000000 0.406615 0.000000 -0.913599 1.000000 1.000000 1.000000
3311.583740 0.000000 2042.321045 0.000000 0.661592 0.000000 -0.749864 1.000000 1.000000 1.000000
3339.600098 0.000000 2037.415771 0.000000 0.917095 0.000000 -0.398669 1.000000 1.000000 1.000000
3322.011475 0.000000 2041.176514 0.000000 0.959812 0.000000 0.280643 1.000000 1.000000 1.000000
3339.890869 0.000000 2021.382690 0.000000 0.857268 0.000000 0.514870 1.000000 1.000000 1.000000
3346.032471 0.000000 2027.294800 0.000000 0.007801 0.000000 0.999970 1.000000 1.000000 1.000000
3329.593994 0.000000 2040.649414 0.000000 0.580437 0.000000 0.814305 1.000000 1.000000 1.000000
3314.769531 0.000000 2043.189087 0.000000 0.785390 0.000000 -0.619001 1.000000 1.000000 1.000000
3328.337891 0.000000 2031.012451 0.000000 0.377326 0.000000 -0.926080 1.000000 1.000000 1.000000
3330.296875 0.000000 2027.241089 0.000000 0.253890 0.000000 -0.967233 1.000000 1.000000 1.000000
3341.862061 0.000000 2027.400269 0.000000 0.739866 0.000000 -0.672754 1.000000 1.000000 1.000000
3318.163330 0.000000 2039.995972 0.000000 0.070626 0.000000 0.997503 1.000000 1.000000 1.000000
3325.302246 0.000000 2046.490234 0.000000 0.301113 0.000000 0.953588 1.000000 1.000000 1.000000
3334.057129 0.000000 2047.049072 0.000000 0.992402 0.000000 0.123038 1.000000 1.000000 1.000000
3316.727051 0.000000 2032.089355 0.000000 0.876216 0.000000 0.481919 1.000000 1.000000 1.000000
3312.983887 0.000000 2040.202881 0.000000 0.345658 0.000000 0.938360 1.000000 1.000000 1.000000
3320.896729 0.000000 2030.330566 0.000000 0.951968 0.000000 0.306198 1.000000 1.000000 1.000000
3346.155029 0.000000 2030.384644 0.000000 0.826011 0.000000 0.563654 1.000000 1.000000 1.000000
3346.527832 0.000000 2039.402100 0.000000 0.700297 0.000000 -0.713852 1.000000 1.000000 1.000000
3320.436768 0.000000 2039.654541 0.000000 0.645190 0.000000 -0.764022 1.000000 1.000000 1.000000
3339.217529 0.000000 2039.572266 0.000000 0.949766 0.000000 -0.312962 1.000000 1.000000 1.000000
3338.916016 0.000000 2023.389038 0.000000 0.983151 0.000000 -0.182794 1.000000 1.000000 1.000000
3328.467773 0.000000 2038.950195 0.000000 0.090778 0.000000 0.995871 1.000000 1.000000 1.000000
3326.634766 0.000000 2032.078857 0.000000 0.553540 0.000000 -0.832822 1.000000 1.000000 1.000000
3336.479248 0.000000 2034.411011 0.000000 0.049759 0.000000 0.998761 1.000000 1.000000 1.000000
3337.599365 0.000000 2031.847778 0.000000 0.591106 0.000000 -0.806594 1.000000 1.000000 1.000000
3380.263672 0.000000 2038.429443 0.000000 0.750612 0.000000 -0.660743 1.000000 1.000000 1.000000
3359.481201 0.000000 2030.782349 0.000000 0.398245 0.000000 -0.917279 1.000000 1.000000 1.000000
3363.663086 0.000000 2015.537231 0.000000 0.123257 0.000000 0.992375 1.000000 1.000000 1.000000
3349.864502 0.000000 2046.351562 0.000000 0.840458 0.000000 0.541876 1.000000 1.000000 1.000000
3363.555176 0.000000 2023.716064 0.000000 0.248132 0.000000 -0.968726 1.000000 1.000000 1.000000
3356.643311 0.000000 2023.398926 0.000000 0.348223 0.000000 -0.937412 1.000000 1.000000 1.000000
3370.030518 0.000000 2017.452148 0.000000 0.154852 0.000000 0.987938 1.000000 1.000000 1.000000
3380.468994 0.000000 2044.874146 0.000000 0.360654 0.000000 -0.932700 1.000000 1.000000 1.000000
3354.007324 0.000000 2042.846802 0.000000 0.550352 0.000000 -0.834933 1.000000 1.000000 1.000000
3375.507324 0.000000 2017.439819 0.000000 0.826793 0.000000 0.562506 1.000000 1.000000 1.000000
3352.351074 0.000000 2020.569702 0.000000 0.079309 0.000000 -0.996850 1.000000 1.000000 1.000000
3347.310791 0.000000 2027.166870 0.000000 0.318295 0.000000 -0.947992 1.000000 1.000000 1.000000
3347.300049 0.000000 2033.376831 0.000000 0.586071 0.000000 0.810260 1.000000 1.000000 1.000000
3375.592285 0.000000 2037.415771 0.000000 0.860388 0.000000 -0.509640 1.000000 1.000000 1.000000
3369.809570 0.000000 2021.426758 0.000000 0.260994 0.000000 0.965340 1.000000 1.000000 1.000000
3360.231201 0.000000 2022.226318 0.000000 0.329449 0.000000 -0.944173 1.000000 1.000000 1.000000
3382.024658 0.000000 2027.294800 0.000000 0.197857 0.000000 0.980231 1.000000 1.000000 1.000000
3381.710205 0.000000 2041.527466 0.000000 0.288838 0.000000 -0.957378 1.000000 1.000000 1.000000
3361.289062 0.000000 2042.444946 0.000000 0.639680 0.000000 -0.768642 1.000000 1.000000 1.000000
3371.336426 0.000000 2026.936768 0.000000 0.525564 0.000000 0.850754 1.000000 1.000000 1.000000
3367.394775 0.000000 2015.519897 0.000000 0.959840 0.000000 -0.280548 1.000000 1.000000 1.000000
3366.388916 0.000000 2022.700073 0.000000 0.598219 0.000000 -0.801333 1.000000 1.000000 1.000000
3372.558350 0.000000 2016.053955 0.000000 0.732890 0.000000 -0.680347 1.000000 1.000000 1.000000
3356.686523 0.000000 2043.687012 0.000000 0.844375 0.000000 -0.535753 1.000000 1.000000 1.000000
3358.390137 0.000000 2028.303589 0.000000 0.774292 0.000000 -0.632829 1.000000 1.000000 1.000000
3383.158447 0.000000 2020.020264 0.000000 0.089537 0.000000 0.995983 1.000000 1.000000 1.000000
3368.842529 0.000000 2027.602905 0.000000 0.695126 0.000000 0.718888 1.000000 1.000000 1.000000
3348.856201 0.000000 2024.964355 0.000000 0.807206 0.000000 0.590270 1.000000 1.000000 1.000000
3350.930664 0.000000 2022.719727 0.000000 0.518374 0.000000 -0.855154 1.000000 1.000000 1.000000
3362.575195 0.000000 2021.391357 0.000000 0.210746 0.000000 -0.977541 1.000000 1.000000 1.000000
3377.982422 0.000000 2036.626587 0.000000 0.379673 0.000000 -0.925121 1.000000 1.000000 1.000000
3370.405273 0.000000 2024.090576 0.000000 0.981805 0.000000 -0.189893 1.000000 1.000000 1.000000
3378.197998 0.000000 2038.657349 0.000000 0.609854 0.000000 -0.792514 1.000000 1.000000 1.000000
3361.651611 0.000000 2044.370361 0.000000 0.760352 0.000000 -0.649511 1.000000 1.000000 1.000000
3352.691406 0.000000 2047.271973 0.000000 0.984751 0.000000 -0.173968 1.000000 1.000000 1.000000
3370.677490 0.000000 2015.710693 0.000000 0.872150 0.000000 -0.489239 1.000000 1.000000 1.000000
3385.856689 0.000000 2014.359375 0.000000 0.497792 0.000000 0.867296 1.000000 1.000000 1.000000
3384.047607 0.000000 2022.493896 0.000000 0.674852 0.000000 0.737953 1.000000 1.000000 1.000000
3410.423340 0.000000 2047.475708 0.000000 0.774354 0.000000 0.632753 1.000000 1.000000 1.000000
3385.450439 0.000000 2019.803711 0.000000 0.326677 0.000000 -0.945136 1.000000 1.000000 1.000000
3387.387695 0.000000 2018.386841 0.000000 0.360488 0.000000 -0.932764 1.000000 1.000000 1.000000
3387.601562 0.000000 2027.885498 0.000000 0.633610 0.000000 0.773653 1.000000 1.000000 1.000000
3385.619873 0.000000 2021.667603 0.000000 0.985279 0.000000 -0.170953 1.000000 1.000000 1.000000
3427.583252 0.000000 2037.590454 0.000000 0.986210 0.000000 -0.165500 1.000000 1.000000 1.000000
3425.991699 0.000000 2042.846802 0.000000 0.882776 0.000000 -0.469793 1.000000 1.000000 1.000000
3426.139893 0.000000 2039.995972 0.000000 0.034003 0.000000 0.999422 1.000000 1.000000 1.000000
3424.919922 0.000000 2037.399780 0.000000 0.405499 0.000000 -0.914096 1.000000 1.000000 1.000000
3268.659668 0.000000 2076.017578 0.000000 0.352755 0.000000 0.935716 1.000000 1.000000 1.000000
3269.506592 0.000000 2077.244873 0.000000 0.889458 0.000000 -0.457018 1.000000 1.000000 1.000000
3303.522949 0.000000 2049.431885 0.000000 0.280184 0.000000 -0.959946 1.000000 1.000000 1.000000
3300.573975 0.000000 2048.046143 0.000000 0.661443 0.000000 0.749996 1.000000 1.000000 1.000000
3300.009766 0.000000 2049.850098 0.000000 0.545236 0.000000 -0.838282 1.000000 1.000000 1.000000
3336.921875 0.000000 2055.928955 0.000000 0.598193 0.000000 0.801352 1.000000 1.000000 1.000000
3318.565918 0.000000 2048.032471 0.000000 0.989906 0.000000 -0.141723 1.000000 1.000000 1.000000
3343.618408 0.000000 2061.715332 0.000000 0.069018 0.000000 -0.997615 1.000000 1.000000 1.000000
3334.038330 0.000000 2049.444336 0.000000 0.707310 0.000000 0.706903 1.000000 1.000000 1.000000
3342.165771 0.000000 2056.567139 0.000000 0.996549 0.000000 0.083002 1.000000 1.000000 1.000000
3332.198975 0.000000 2057.058838 0.000000 0.614355 0.000000 -0.789030 1.000000 1.000000 1.000000
3311.318604 0.000000 2059.158936 0.000000 0.635905 0.000000 -0.771767 1.000000 1.000000 1.000000
3319.698486 0.000000 2059.739258 0.000000 0.289907 0.000000 0.957055 1.000000 1.000000 1.000000
3333.817383 0.000000 2053.418945 0.000000 0.962647 0.000000 0.270761 1.000000 1.000000 1.000000
3324.387939 0.000000 2047.641724 0.000000 0.507996 0.000000 -0.861360 1.000000 1.000000 1.000000
3334.834473 0.000000 2065.394775 0.000000 0.738743 0.000000 0.673987 1.000000 1.000000 1.000000
3339.419678 0.000000 2057.385254 0.000000 0.771387 0.000000 -0.636367 1.000000 1.000000 1.000000
3341.862061 0.000000 2059.392334 0.000000 0.239132 0.000000 0.970987 1.000000 1.000000 1.000000
3316.629639 0.000000 2077.241943 0.000000 0.710450 0.000000 -0.703748 1.000000 1.000000 1.000000
3326.272217 0.000000 2057.777832 0.000000 0.503030 0.000000 -0.864269 1.000000 1.000000 1.000000
3337.427979 0.000000 2053.737305 0.000000 0.973268 0.000000 -0.229674 1.000000 1.000000 1.000000
3319.997559 0.000000 2049.841797 0.000000 0.974498 0.000000 0.224398 1.000000 1.000000 1.000000
3324.996826 0.000000 2049.641357 0.000000 0.808271 0.000000 0.588810 1.000000 1.000000 1.000000
3321.259766 0.000000 2078.463379 0.000000 0.959455 0.000000 0.281861 1.000000 1.000000 1.000000
3336.125244 0.000000 2057.408447 0.000000 0.984317 0.000000 -0.176407 1.000000 1.000000 1.000000
3314.480469 0.000000 2076.811768 0.000000 0.852276 0.000000 -0.523093 1.000000 1.000000 1.000000
3332.662598 0.000000 2075.945068 0.000000 0.318214 0.000000 -0.948019 1.000000 1.000000 1.000000
3363.663086 0.000000 2047.529419 0.000000 0.170955 0.000000 -0.985279 1.000000 1.000000 1.000000
3363.555176 0.000000 2055.708252 0.000000 0.961069 0.000000 0.276309 1.000000 1.000000 1.000000
3356.643311 0.000000 2055.391113 0.000000 0.278648 0.000000 -0.960393 1.000000 1.000000 1.000000
3378.157959 0.000000 2056.567139 0.000000 0.994407 0.000000 -0.105615 1.000000 1.000000 1.000000
3355.690674 0.000000 2059.739258 0.000000 0.395977 0.000000 -0.918260 1.000000 1.000000 1.000000
3370.109375 0.000000 2072.905518 0.000000 0.100953 0.000000 -0.994891 1.000000 1.000000 1.000000
3360.380127 0.000000 2047.641724 0.000000 0.966877 0.000000 -0.255243 1.000000 1.000000 1.000000
3381.769287 0.000000 2067.772949 0.000000 0.904203 0.000000 -0.427104 1.000000 1.000000 1.000000
3377.854248 0.000000 2059.392334 0.000000 0.935220 0.000000 0.354068 1.000000 1.000000 1.000000
3362.575195 0.000000 2053.383545 0.000000 0.672608 0.000000 0.739999 1.000000 1.000000 1.000000
3358.247803 0.000000 2052.951416 0.000000 0.833365 0.000000 0.552723 1.000000 1.000000 1.000000
3318.565918 0.000000 2080.024658 0.000000 0.721713 0.000000 -0.692192 1.000000 1.000000 1.000000
3338.095459 0.000000 2097.480225 0.000000 0.506647 0.000000 -0.862154 1.000000 1.000000 1.000000
3342.165771 0.000000 2088.559326 0.000000 0.224917 0.000000 -0.974378 1.000000 1.000000 1.000000
3341.368896 0.000000 2104.500488 0.000000 0.956853 0.000000 0.290573 1.000000 1.000000 1.000000
3324.387939 0.000000 2079.634033 0.000000 0.348234 0.000000 0.937408 1.000000 1.000000 1.000000
3339.419678 0.000000 2089.377441 0.000000 0.938799 0.000000 0.344466 1.000000 1.000000 1.000000
3321.504639 0.000000 2080.065186 0.000000 0.999066 0.000000 0.043207 1.000000 1.000000 1.000000
3319.997559 0.000000 2081.833984 0.000000 0.914566 0.000000 -0.404437 1.000000 1.000000 1.000000
3340.957520 0.000000 2096.304932 0.000000 0.901157 0.000000 -0.433493 1.000000 1.000000 1.000000
3380.263672 0.000000 2102.413818 0.000000 0.745578 0.000000 -0.666418 1.000000 1.000000 1.000000
3349.458252 0.000000 2083.788086 0.000000 0.711582 0.000000 0.702603 1.000000 1.000000 1.000000
3381.769287 0.000000 2099.765137 0.000000 0.999992 0.000000 -0.004028 1.000000 1.000000 1.000000
3351.395508 0.000000 2082.371338 0.000000 0.915326 0.000000 -0.402713 1.000000 1.000000 1.000000
3378.197998 0.000000 2102.641846 0.000000 0.114124 0.000000 -0.993466 1.000000 1.000000 1.000000
3380.895752 0.000000 2100.946533 0.000000 0.607650 0.000000 -0.794205 1.000000 1.000000 1.000000
3379.217529 0.000000 2101.381348 0.000000 0.423801 0.000000 0.905755 1.000000 1.000000 1.000000
3379.383301 0.000000 2103.114746 0.000000 0.112469 0.000000 0.993655 1.000000 1.000000 1.000000
3416.255859 0.000000 2070.421631 0.000000 0.393034 0.000000 -0.919524 1.000000 1.000000 1.000000
3390.550293 0.000000 2048.032471 0.000000 0.371768 0.000000 -0.928326 1.000000 1.000000 1.000000
3406.022705 0.000000 2049.444336 0.000000 0.453985 0.000000 -0.891009 1.000000 1.000000 1.000000
3419.067383 0.000000 2064.927979 0.000000 0.497916 0.000000 0.867225 1.000000 1.000000 1.000000
3399.546143 0.000000 2077.023193 0.000000 0.928863 0.000000 -0.370423 1.000000 1.000000 1.000000
3408.550537 0.000000 2048.046143 0.000000 0.147547 0.000000 -0.989055 1.000000 1.000000 1.000000
3413.764160 0.000000 2051.313477 0.000000 0.888087 0.000000 -0.459676 1.000000 1.000000 1.000000
3412.806152 0.000000 2047.543579 0.000000 0.170354 0.000000 0.985383 1.000000 1.000000 1.000000
3419.965088 0.000000 2069.555908 0.000000 0.583946 0.000000 0.811792 1.000000 1.000000 1.000000
3423.729492 0.000000 2066.740967 0.000000 0.827462 0.000000 0.561522 1.000000 1.000000 1.000000
3419.295166 0.000000 2059.158936 0.000000 0.955590 0.000000 0.294698 1.000000 1.000000 1.000000
3432.215576 0.000000 2054.218506 0.000000 0.911690 0.000000 0.410880 1.000000 1.000000 1.000000
3399.240723 0.000000 2092.013916 0.000000 0.599524 0.000000 0.800357 1.000000 1.000000 1.000000
3391.682861 0.000000 2091.731445 0.000000 0.170380 0.000000 0.985378 1.000000 1.000000 1.000000
3395.720947 0.000000 2089.931885 0.000000 0.438135 0.000000 0.898909 1.000000 1.000000 1.000000
3398.738525 0.000000 2082.871582 0.000000 0.426369 0.000000 -0.904549 1.000000 1.000000 1.000000
3392.881104 0.000000 2094.314941 0.000000 0.917520 0.000000 0.397689 1.000000 1.000000 1.000000
3398.256592 0.000000 2089.770020 0.000000 0.840545 0.000000 -0.541741 1.000000 1.000000 1.000000
3397.042236 0.000000 2088.168945 0.000000 0.073787 0.000000 -0.997274 1.000000 1.000000 1.000000
3392.860352 0.000000 2092.726318 0.000000 0.710615 0.000000 -0.703582 1.000000 1.000000 1.000000
3390.424805 0.000000 2092.496826 0.000000 0.902892 0.000000 0.429867 1.000000 1.000000 1.000000
3680.572998 0.000000 2151.367676 0.000000 0.505603 0.000000 -0.862766 1.000000 1.000000 1.000000
3677.937012 0.000000 2170.815674 0.000000 0.958928 0.000000 -0.283648 1.000000 1.000000 1.000000
3677.141602 0.000000 2155.067383 0.000000 0.009101 0.000000 -0.999959 1.000000 1.000000 1.000000
3700.146729 0.000000 2162.834473 0.000000 0.468456 0.000000 -0.883487 1.000000 1.000000 1.000000
3688.301025 0.000000 2154.666260 0.000000 0.840400 0.000000 -0.541966 1.000000 1.000000 1.000000
3697.958984 0.000000 2173.795166 0.000000 0.085362 0.000000 0.996350 1.000000 1.000000 1.000000
3682.052734 0.000000 2167.613037 0.000000 0.543884 0.000000 0.839161 1.000000 1.000000 1.000000
3680.797852 0.000000 2156.710693 0.000000 0.932142 0.000000 -0.362094 1.000000 1.000000 1.000000
3683.567871 0.000000 2157.196045 0.000000 0.186612 0.000000 -0.982434 1.000000 1.000000 1.000000
3690.024658 0.000000 2167.212646 0.000000 0.772316 0.000000 0.635239 1.000000 1.000000 1.000000
3680.963867 0.000000 2166.268066 0.000000 0.467230 0.000000 -0.884136 1.000000 1.000000 1.000000
3682.214844 0.000000 2157.770264 0.000000 0.976399 0.000000 0.215974 1.000000 1.000000 1.000000
3691.125977 0.000000 2173.262451 0.000000 0.295561 0.000000 0.955324 1.000000 1.000000 1.000000
3699.182617 0.000000 2171.275635 0.000000 0.485198 0.000000 -0.874404 1.000000 1.000000 1.000000
3701.412842 0.000000 2173.221436 0.000000 0.516839 0.000000 -0.856083 1.000000 1.000000 1.000000
3683.603516 0.000000 2161.799805 0.000000 0.706537 0.000000 0.707677 1.000000 1.000000 1.000000
3693.964355 0.000000 2172.411377 0.000000 0.607419 0.000000 0.794381 1.000000 1.000000 1.000000
3685.985840 0.000000 2156.777588 0.000000 0.858967 0.000000 0.512031 1.000000 1.000000 1.000000
3688.691162 0.000000 2169.609619 0.000000 0.970861 0.000000 0.239645 1.000000 1.000000 1.000000
3692.142090 0.000000 2162.586426 0.000000 0.974247 0.000000 -0.225484 1.000000 1.000000 1.000000
3692.580811 0.000000 2166.603271 0.000000 0.473677 0.000000 0.880699 1.000000 1.000000 1.000000
3699.871582 0.000000 2168.570557 0.000000 0.962672 0.000000 -0.270670 1.000000 1.000000 1.000000
3694.843262 0.000000 2171.348389 0.000000 0.035146 0.000000 0.999382 1.000000 1.000000 1.000000
3687.045898 0.000000 2158.739502 0.000000 0.128615 0.000000 -0.991695 1.000000 1.000000 1.000000
3680.746582 0.000000 2161.601562 0.000000 0.620018 0.000000 0.784587 1.000000 1.000000 1.000000
3698.405518 0.000000 2170.313965 0.000000 0.985303 0.000000 -0.170815 1.000000 1.000000 1.000000
3690.006592 0.000000 2164.151855 0.000000 0.983995 0.000000 0.178195 1.000000 1.000000 1.000000
3693.287354 0.000000 2169.847900 0.000000 0.825120 0.000000 0.564957 1.000000 1.000000 1.000000
3685.877686 0.000000 2165.903809 0.000000 0.284596 0.000000 -0.958647 1.000000 1.000000 1.000000
3696.547119 0.000000 2169.518555 0.000000 0.990625 0.000000 0.136606 1.000000 1.000000 1.000000
3682.544189 0.000000 2164.174561 0.000000 0.802336 0.000000 -0.596873 1.000000 1.000000 1.000000
3692.371582 0.000000 2164.049072 0.000000 0.916482 0.000000 0.400076 1.000000 1.000000 1.000000
3696.887939 0.000000 2168.269531 0.000000 0.034202 0.000000 -0.999415 1.000000 1.000000 1.000000
3691.640381 0.000000 2164.921875 0.000000 0.351214 0.000000 -0.936295 1.000000 1.000000 1.000000
3688.305176 0.000000 2165.733154 0.000000 0.772201 0.000000 -0.635379 1.000000 1.000000 1.000000
3689.451660 0.000000 2166.260498 0.000000 0.482510 0.000000 0.875890 1.000000 1.000000 1.000000
3696.843750 0.000000 2183.897705 0.000000 0.232191 0.000000 0.972670 1.000000 1.000000 1.000000
"}
object={
	name="tree_cypress_01_generator_1_1"
	clamp_to_water_level=no
	render_under_water=no
	generated_content=yes
	layer="tree_high_layer"
	pdxmesh="tree_cypress_01_b_mesh"
	count=126
	transform="3310.811523 0.000000 2025.283447 0.000000 0.447013 0.000000 -0.894527 1.000000 1.000000 1.000000
3371.423340 0.000000 2012.576782 0.000000 0.248873 0.000000 -0.968536 1.000000 1.000000 1.000000
3336.921875 0.000000 2023.936768 0.000000 0.973723 0.000000 0.227735 1.000000 1.000000 1.000000
3312.063232 0.000000 2022.493896 0.000000 0.986599 0.000000 0.163163 1.000000 1.000000 1.000000
3343.618408 0.000000 2029.723267 0.000000 0.649941 0.000000 0.759985 1.000000 1.000000 1.000000
3326.464600 0.000000 2039.224731 0.000000 0.963563 0.000000 0.267481 1.000000 1.000000 1.000000
3338.095459 0.000000 2033.495850 0.000000 0.951898 0.000000 -0.306416 1.000000 1.000000 1.000000
3319.390381 0.000000 2032.271484 0.000000 0.691511 0.000000 -0.722366 1.000000 1.000000 1.000000
3315.401611 0.000000 2039.628418 0.000000 0.567651 0.000000 0.823269 1.000000 1.000000 1.000000
3335.431152 0.000000 2044.568970 0.000000 0.898166 0.000000 0.439656 1.000000 1.000000 1.000000
3334.117188 0.000000 2040.913330 0.000000 0.803381 0.000000 -0.595465 1.000000 1.000000 1.000000
3345.718018 0.000000 2041.527466 0.000000 0.648898 0.000000 -0.760875 1.000000 1.000000 1.000000
3317.673828 0.000000 2023.290894 0.000000 0.389873 0.000000 -0.920869 1.000000 1.000000 1.000000
3314.223145 0.000000 2032.310547 0.000000 0.946366 0.000000 -0.323097 1.000000 1.000000 1.000000
3313.209961 0.000000 2035.096802 0.000000 0.422219 0.000000 -0.906494 1.000000 1.000000 1.000000
3341.990234 0.000000 2036.626587 0.000000 0.712916 0.000000 0.701249 1.000000 1.000000 1.000000
3321.979248 0.000000 2032.925293 0.000000 0.679340 0.000000 0.733823 1.000000 1.000000 1.000000
3338.147949 0.000000 2035.692383 0.000000 0.419480 0.000000 -0.907764 1.000000 1.000000 1.000000
3311.317627 0.000000 2035.661621 0.000000 0.660111 0.000000 -0.751168 1.000000 1.000000 1.000000
3341.011963 0.000000 2022.958252 0.000000 0.885707 0.000000 0.464245 1.000000 1.000000 1.000000
3316.699219 0.000000 2047.271973 0.000000 0.449313 0.000000 0.893374 1.000000 1.000000 1.000000
3359.065674 0.000000 2045.031006 0.000000 0.535866 0.000000 0.844303 1.000000 1.000000 1.000000
3348.055420 0.000000 2022.493896 0.000000 0.935806 0.000000 0.352515 1.000000 1.000000 1.000000
3359.210938 0.000000 2035.179077 0.000000 0.992680 0.000000 -0.120776 1.000000 1.000000 1.000000
3363.553955 0.000000 2045.030884 0.000000 0.952720 0.000000 -0.303849 1.000000 1.000000 1.000000
3359.728760 0.000000 2025.947388 0.000000 0.067165 0.000000 -0.997742 1.000000 1.000000 1.000000
3377.361084 0.000000 2040.516113 0.000000 0.061122 0.000000 -0.998130 1.000000 1.000000 1.000000
3362.746338 0.000000 2018.887207 0.000000 0.545980 0.000000 0.837798 1.000000 1.000000 1.000000
3372.859863 0.000000 2019.585938 0.000000 0.394201 0.000000 -0.919024 1.000000 1.000000 1.000000
3361.846680 0.000000 2036.426270 0.000000 0.653708 0.000000 -0.756747 1.000000 1.000000 1.000000
3377.771973 0.000000 2019.321289 0.000000 0.464830 0.000000 0.885400 1.000000 1.000000 1.000000
3378.792480 0.000000 2021.917969 0.000000 0.719364 0.000000 -0.694633 1.000000 1.000000 1.000000
3365.484619 0.000000 2017.353882 0.000000 0.789049 0.000000 0.614331 1.000000 1.000000 1.000000
3360.738037 0.000000 2028.165527 0.000000 0.340841 0.000000 0.940121 1.000000 1.000000 1.000000
3379.783203 0.000000 2040.449097 0.000000 0.902708 0.000000 0.430254 1.000000 1.000000 1.000000
3359.114014 0.000000 2042.942261 0.000000 0.409888 0.000000 -0.912136 1.000000 1.000000 1.000000
3360.903809 0.000000 2020.176392 0.000000 0.998620 0.000000 -0.052526 1.000000 1.000000 1.000000
3374.988037 0.000000 2019.431885 0.000000 0.999717 0.000000 0.023786 1.000000 1.000000 1.000000
3371.994141 0.000000 2017.857910 0.000000 0.929587 0.000000 -0.368603 1.000000 1.000000 1.000000
3388.343262 0.000000 2020.569702 0.000000 0.988612 0.000000 0.150490 1.000000 1.000000 1.000000
3383.568115 0.000000 2042.321045 0.000000 0.127567 0.000000 0.991830 1.000000 1.000000 1.000000
3383.302979 0.000000 2027.166870 0.000000 0.714342 0.000000 -0.699797 1.000000 1.000000 1.000000
3386.991211 0.000000 2016.110718 0.000000 0.531139 0.000000 0.847285 1.000000 1.000000 1.000000
3389.204102 0.000000 2027.098511 0.000000 0.032933 0.000000 0.999458 1.000000 1.000000 1.000000
3390.218750 0.000000 2029.977661 0.000000 0.662344 0.000000 -0.749200 1.000000 1.000000 1.000000
3268.837402 0.000000 2079.535645 0.000000 0.953540 0.000000 0.301265 1.000000 1.000000 1.000000
3327.670898 0.000000 2047.529419 0.000000 0.999480 0.000000 0.032239 1.000000 1.000000 1.000000
3327.562988 0.000000 2055.708252 0.000000 0.988896 0.000000 -0.148611 1.000000 1.000000 1.000000
3338.095459 0.000000 2065.488037 0.000000 0.900826 0.000000 0.434180 1.000000 1.000000 1.000000
3338.967041 0.000000 2060.348633 0.000000 0.948746 0.000000 -0.316039 1.000000 1.000000 1.000000
3324.239014 0.000000 2054.218506 0.000000 0.722578 0.000000 -0.691289 1.000000 1.000000 1.000000
3345.680908 0.000000 2055.752930 0.000000 0.989694 0.000000 0.143197 1.000000 1.000000 1.000000
3319.300781 0.000000 2078.195312 0.000000 0.468000 0.000000 -0.883728 1.000000 1.000000 1.000000
3336.867676 0.000000 2051.578125 0.000000 0.999814 0.000000 0.019303 1.000000 1.000000 1.000000
3314.769531 0.000000 2075.181152 0.000000 0.974300 0.000000 0.225255 1.000000 1.000000 1.000000
3313.969727 0.000000 2059.583740 0.000000 0.704706 0.000000 0.709500 1.000000 1.000000 1.000000
3318.234375 0.000000 2061.969727 0.000000 0.596280 0.000000 -0.802777 1.000000 1.000000 1.000000
3320.896729 0.000000 2062.322754 0.000000 0.793506 0.000000 0.608562 1.000000 1.000000 1.000000
3333.388672 0.000000 2063.429443 0.000000 0.986166 0.000000 -0.165763 1.000000 1.000000 1.000000
3333.644043 0.000000 2075.079834 0.000000 0.103706 0.000000 -0.994608 1.000000 1.000000 1.000000
3325.057861 0.000000 2056.176758 0.000000 0.998966 0.000000 0.045469 1.000000 1.000000 1.000000
3332.351074 0.000000 2055.062256 0.000000 0.916774 0.000000 -0.399406 1.000000 1.000000 1.000000
3316.774902 0.000000 2048.668945 0.000000 0.521337 0.000000 -0.853351 1.000000 1.000000 1.000000
3335.641357 0.000000 2069.577637 0.000000 0.414088 0.000000 -0.910237 1.000000 1.000000 1.000000
3332.392822 0.000000 2074.824707 0.000000 0.710353 0.000000 -0.703845 1.000000 1.000000 1.000000
3359.481201 0.000000 2062.774414 0.000000 0.656693 0.000000 0.754158 1.000000 1.000000 1.000000
3373.818604 0.000000 2073.240234 0.000000 0.986163 0.000000 -0.165777 1.000000 1.000000 1.000000
3378.724609 0.000000 2066.188232 0.000000 0.070969 0.000000 0.997479 1.000000 1.000000 1.000000
3351.395996 0.000000 2057.288330 0.000000 0.650056 0.000000 -0.759886 1.000000 1.000000 1.000000
3355.382568 0.000000 2064.263672 0.000000 0.998698 0.000000 -0.051016 1.000000 1.000000 1.000000
3371.423340 0.000000 2076.561035 0.000000 0.228463 0.000000 0.973553 1.000000 1.000000 1.000000
3360.231201 0.000000 2054.218506 0.000000 0.785693 0.000000 -0.618616 1.000000 1.000000 1.000000
3350.999023 0.000000 2048.102783 0.000000 0.007065 0.000000 -0.999975 1.000000 1.000000 1.000000
3356.075439 0.000000 2052.160156 0.000000 0.915683 0.000000 -0.401902 1.000000 1.000000 1.000000
3353.666016 0.000000 2055.283203 0.000000 0.673081 0.000000 0.739569 1.000000 1.000000 1.000000
3375.411865 0.000000 2057.385254 0.000000 0.577294 0.000000 0.816536 1.000000 1.000000 1.000000
3350.215332 0.000000 2064.302734 0.000000 0.654382 0.000000 0.756164 1.000000 1.000000 1.000000
3365.484619 0.000000 2049.345947 0.000000 0.824639 0.000000 0.565659 1.000000 1.000000 1.000000
3371.715576 0.000000 2074.395020 0.000000 0.789048 0.000000 0.614332 1.000000 1.000000 1.000000
3379.761475 0.000000 2067.984619 0.000000 0.345011 0.000000 -0.938599 1.000000 1.000000 1.000000
3334.038330 0.000000 2081.436523 0.000000 0.667880 0.000000 -0.744269 1.000000 1.000000 1.000000
3334.819580 0.000000 2083.517334 0.000000 0.860836 0.000000 0.508883 1.000000 1.000000 1.000000
3352.351074 0.000000 2084.553955 0.000000 0.941426 0.000000 0.337221 1.000000 1.000000 1.000000
3378.557129 0.000000 2103.915039 0.000000 0.940914 0.000000 0.338645 1.000000 1.000000 1.000000
3415.602783 0.000000 2061.715332 0.000000 0.140899 0.000000 0.990024 1.000000 1.000000 1.000000
3416.462891 0.000000 2051.679932 0.000000 0.765297 0.000000 -0.643677 1.000000 1.000000 1.000000
3417.665283 0.000000 2055.752930 0.000000 0.399217 0.000000 0.916856 1.000000 1.000000 1.000000
3408.852051 0.000000 2051.578125 0.000000 0.620691 0.000000 0.784055 1.000000 1.000000 1.000000
3397.286621 0.000000 2078.482422 0.000000 0.953266 0.000000 -0.302132 1.000000 1.000000 1.000000
3416.181152 0.000000 2057.772217 0.000000 0.526049 0.000000 0.850454 1.000000 1.000000 1.000000
3413.880859 0.000000 2049.235840 0.000000 0.556631 0.000000 0.830760 1.000000 1.000000 1.000000
3427.583252 0.000000 2069.582764 0.000000 0.974017 0.000000 0.226476 1.000000 1.000000 1.000000
3423.378174 0.000000 2071.620605 0.000000 0.504894 0.000000 -0.863181 1.000000 1.000000 1.000000
3399.655273 0.000000 2079.521729 0.000000 0.841811 0.000000 -0.539772 1.000000 1.000000 1.000000
3387.385986 0.000000 2103.612793 0.000000 0.851106 0.000000 -0.524993 1.000000 1.000000 1.000000
3390.218750 0.000000 2093.961914 0.000000 0.153659 0.000000 0.988124 1.000000 1.000000 1.000000
3397.810547 0.000000 2091.170654 0.000000 0.970362 0.000000 -0.241655 1.000000 1.000000 1.000000
3680.616211 0.000000 2171.655762 0.000000 0.126610 0.000000 -0.991953 1.000000 1.000000 1.000000
3677.113281 0.000000 2163.724365 0.000000 0.998370 0.000000 0.057078 1.000000 1.000000 1.000000
3678.141113 0.000000 2166.388184 0.000000 0.724431 0.000000 -0.689347 1.000000 1.000000 1.000000
3683.350342 0.000000 2160.361328 0.000000 0.896224 0.000000 0.443602 1.000000 1.000000 1.000000
3697.208984 0.000000 2170.729248 0.000000 0.804457 0.000000 -0.594011 1.000000 1.000000 1.000000
3687.951416 0.000000 2168.547119 0.000000 0.999348 0.000000 -0.036115 1.000000 1.000000 1.000000
3688.529541 0.000000 2171.884521 0.000000 0.655451 0.000000 0.755238 1.000000 1.000000 1.000000
3681.984131 0.000000 2159.339844 0.000000 0.533688 0.000000 -0.845681 1.000000 1.000000 1.000000
3679.439941 0.000000 2161.689453 0.000000 0.966274 0.000000 -0.257517 1.000000 1.000000 1.000000
3681.718262 0.000000 2162.422363 0.000000 0.685752 0.000000 0.727835 1.000000 1.000000 1.000000
3696.747559 0.000000 2172.997070 0.000000 0.566601 0.000000 -0.823992 1.000000 1.000000 1.000000
3690.961426 0.000000 2168.718018 0.000000 0.696457 0.000000 0.717599 1.000000 1.000000 1.000000
3692.538818 0.000000 2174.569336 0.000000 0.444488 0.000000 -0.895785 1.000000 1.000000 1.000000
3678.076660 0.000000 2160.925781 0.000000 0.973656 0.000000 0.228021 1.000000 1.000000 1.000000
3689.850586 0.000000 2161.497314 0.000000 0.888306 0.000000 0.459252 1.000000 1.000000 1.000000
3684.556152 0.000000 2158.095215 0.000000 0.949232 0.000000 -0.314576 1.000000 1.000000 1.000000
3696.224121 0.000000 2171.529297 0.000000 0.662160 0.000000 0.749363 1.000000 1.000000 1.000000
3694.789551 0.000000 2167.784424 0.000000 0.517392 0.000000 -0.855749 1.000000 1.000000 1.000000
3692.584473 0.000000 2171.921631 0.000000 0.298017 0.000000 -0.954561 1.000000 1.000000 1.000000
3690.543457 0.000000 2162.855225 0.000000 0.498737 0.000000 -0.866754 1.000000 1.000000 1.000000
3693.864990 0.000000 2173.715088 0.000000 0.952262 0.000000 0.305283 1.000000 1.000000 1.000000
3684.629395 0.000000 2164.046387 0.000000 0.962005 0.000000 0.273031 1.000000 1.000000 1.000000
3692.314697 0.000000 2170.801270 0.000000 0.987271 0.000000 0.159046 1.000000 1.000000 1.000000
3687.449463 0.000000 2160.885498 0.000000 0.197432 0.000000 -0.980317 1.000000 1.000000 1.000000
3692.719727 0.000000 2168.740234 0.000000 0.923595 0.000000 -0.383369 1.000000 1.000000 1.000000
3688.139160 0.000000 2163.012695 0.000000 0.572627 0.000000 -0.819816 1.000000 1.000000 1.000000
3688.885742 0.000000 2163.991211 0.000000 0.013999 0.000000 0.999902 1.000000 1.000000 1.000000
3694.741455 0.000000 2179.493896 0.000000 0.269558 0.000000 0.962984 1.000000 1.000000 1.000000
3701.818359 0.000000 2177.204590 0.000000 0.400591 0.000000 -0.916257 1.000000 1.000000 1.000000
"}
object={
	name="tree_cypress_01_generator_1_2"
	clamp_to_water_level=no
	render_under_water=no
	generated_content=yes
	layer="tree_high_layer"
	pdxmesh="tree_cypress_01_c_mesh"
	count=86
	transform="3300.514160 0.000000 2046.452393 0.000000 0.809410 0.000000 -0.587244 1.000000 1.000000 1.000000
3308.829590 0.000000 2034.131958 0.000000 0.973439 0.000000 0.228946 1.000000 1.000000 1.000000
3367.249756 0.000000 2014.965820 0.000000 0.668575 0.000000 -0.743645 1.000000 1.000000 1.000000
3372.498535 0.000000 2014.460205 0.000000 0.266671 0.000000 -0.963787 1.000000 1.000000 1.000000
3320.651123 0.000000 2023.398926 0.000000 0.896243 0.000000 -0.443563 1.000000 1.000000 1.000000
3347.083008 0.000000 2032.935791 0.000000 0.530867 0.000000 -0.847455 1.000000 1.000000 1.000000
3315.752930 0.000000 2034.748901 0.000000 0.773610 0.000000 -0.633662 1.000000 1.000000 1.000000
3311.318604 0.000000 2027.166870 0.000000 0.906986 0.000000 -0.421160 1.000000 1.000000 1.000000
3311.307861 0.000000 2033.376831 0.000000 0.474562 0.000000 0.880222 1.000000 1.000000 1.000000
3319.300781 0.000000 2046.203247 0.000000 0.902723 0.000000 0.430222 1.000000 1.000000 1.000000
3322.562988 0.000000 2038.183960 0.000000 0.959105 0.000000 -0.283049 1.000000 1.000000 1.000000
3332.850342 0.000000 2027.602905 0.000000 0.245971 0.000000 0.969277 1.000000 1.000000 1.000000
3319.213135 0.000000 2025.343506 0.000000 0.821953 0.000000 -0.569556 1.000000 1.000000 1.000000
3344.249756 0.000000 2027.924683 0.000000 0.986859 0.000000 0.161583 1.000000 1.000000 1.000000
3334.187012 0.000000 2038.725220 0.000000 0.986072 0.000000 -0.166322 1.000000 1.000000 1.000000
3334.418457 0.000000 2036.731812 0.000000 0.756857 0.000000 0.653580 1.000000 1.000000 1.000000
3336.979248 0.000000 2030.142700 0.000000 0.868814 0.000000 -0.495139 1.000000 1.000000 1.000000
3368.804199 0.000000 2037.360840 0.000000 0.892485 0.000000 0.451077 1.000000 1.000000 1.000000
3380.470703 0.000000 2019.687744 0.000000 0.209969 0.000000 -0.977708 1.000000 1.000000 1.000000
3367.438477 0.000000 2043.611328 0.000000 0.565412 0.000000 0.824808 1.000000 1.000000 1.000000
3368.191162 0.000000 2025.066528 0.000000 0.999916 0.000000 0.012955 1.000000 1.000000 1.000000
3351.395996 0.000000 2025.296143 0.000000 0.350618 0.000000 0.936519 1.000000 1.000000 1.000000
3375.883057 0.000000 2021.382690 0.000000 0.435410 0.000000 0.900232 1.000000 1.000000 1.000000
3353.666016 0.000000 2023.290894 0.000000 0.088987 0.000000 0.996033 1.000000 1.000000 1.000000
3378.151855 0.000000 2046.512573 0.000000 0.961964 0.000000 -0.273178 1.000000 1.000000 1.000000
3352.621826 0.000000 2045.249878 0.000000 0.642071 0.000000 -0.766645 1.000000 1.000000 1.000000
3371.522217 0.000000 2022.399414 0.000000 0.997662 0.000000 0.068337 1.000000 1.000000 1.000000
3387.603760 0.000000 2029.653320 0.000000 0.772590 0.000000 -0.634905 1.000000 1.000000 1.000000
3391.682861 0.000000 2027.747070 0.000000 0.793606 0.000000 -0.608432 1.000000 1.000000 1.000000
3385.954102 0.000000 2027.591675 0.000000 0.902020 0.000000 -0.431695 1.000000 1.000000 1.000000
3386.922852 0.000000 2022.719727 0.000000 0.803413 0.000000 0.595422 1.000000 1.000000 1.000000
3383.772217 0.000000 2020.797852 0.000000 0.272461 0.000000 -0.962167 1.000000 1.000000 1.000000
3388.984375 0.000000 2028.767944 0.000000 0.998522 0.000000 -0.054355 1.000000 1.000000 1.000000
3310.040283 0.000000 2059.287109 0.000000 0.692293 0.000000 -0.721617 1.000000 1.000000 1.000000
3332.812012 0.000000 2069.353027 0.000000 0.822898 0.000000 -0.568189 1.000000 1.000000 1.000000
3335.595703 0.000000 2062.426514 0.000000 0.954396 0.000000 -0.298544 1.000000 1.000000 1.000000
3330.396729 0.000000 2054.692139 0.000000 0.147076 0.000000 0.989125 1.000000 1.000000 1.000000
3325.302246 0.000000 2078.482422 0.000000 0.477986 0.000000 -0.878368 1.000000 1.000000 1.000000
3338.916016 0.000000 2055.381348 0.000000 0.460131 0.000000 0.887851 1.000000 1.000000 1.000000
3316.699219 0.000000 2079.264160 0.000000 0.449667 0.000000 0.893196 1.000000 1.000000 1.000000
3334.418457 0.000000 2068.723877 0.000000 0.931302 0.000000 0.364247 1.000000 1.000000 1.000000
3348.055420 0.000000 2054.486084 0.000000 0.295399 0.000000 0.955374 1.000000 1.000000 1.000000
3370.030518 0.000000 2049.444336 0.000000 0.976369 0.000000 0.216110 1.000000 1.000000 1.000000
3359.107666 0.000000 2050.699219 0.000000 0.408832 0.000000 0.912609 1.000000 1.000000 1.000000
3379.033447 0.000000 2047.510132 0.000000 0.938599 0.000000 0.345009 1.000000 1.000000 1.000000
3359.728760 0.000000 2057.939697 0.000000 0.981381 0.000000 -0.192072 1.000000 1.000000 1.000000
3362.746338 0.000000 2050.879395 0.000000 0.432476 0.000000 -0.901646 1.000000 1.000000 1.000000
3372.859863 0.000000 2051.578125 0.000000 0.090107 0.000000 -0.995932 1.000000 1.000000 1.000000
3323.115479 0.000000 2082.691406 0.000000 0.157216 0.000000 0.987564 1.000000 1.000000 1.000000
3345.680908 0.000000 2087.745117 0.000000 0.103074 0.000000 -0.994674 1.000000 1.000000 1.000000
3324.996826 0.000000 2081.633545 0.000000 0.980844 0.000000 -0.194796 1.000000 1.000000 1.000000
3341.011963 0.000000 2086.942627 0.000000 0.772595 0.000000 -0.634899 1.000000 1.000000 1.000000
3340.640381 0.000000 2102.877930 0.000000 0.978543 0.000000 0.206043 1.000000 1.000000 1.000000
3341.367920 0.000000 2097.417480 0.000000 0.899023 0.000000 0.437902 1.000000 1.000000 1.000000
3341.132812 0.000000 2089.747314 0.000000 0.587058 0.000000 0.809545 1.000000 1.000000 1.000000
3380.813965 0.000000 2098.116211 0.000000 0.110500 0.000000 -0.993876 1.000000 1.000000 1.000000
3411.499512 0.000000 2049.431885 0.000000 0.228716 0.000000 -0.973493 1.000000 1.000000 1.000000
3414.150146 0.000000 2056.567139 0.000000 0.687250 0.000000 0.726421 1.000000 1.000000 1.000000
3418.016846 0.000000 2059.287109 0.000000 0.284914 0.000000 -0.958553 1.000000 1.000000 1.000000
3431.465576 0.000000 2062.774414 0.000000 0.975449 0.000000 0.220225 1.000000 1.000000 1.000000
3431.092041 0.000000 2050.699219 0.000000 0.183012 0.000000 0.983111 1.000000 1.000000 1.000000
3427.366943 0.000000 2064.263672 0.000000 0.761350 0.000000 -0.648342 1.000000 1.000000 1.000000
3419.284424 0.000000 2065.369141 0.000000 0.553430 0.000000 0.832896 1.000000 1.000000 1.000000
3431.713135 0.000000 2057.939697 0.000000 0.432718 0.000000 0.901529 1.000000 1.000000 1.000000
3396.372314 0.000000 2079.634033 0.000000 0.637494 0.000000 -0.770455 1.000000 1.000000 1.000000
3398.567383 0.000000 2085.375732 0.000000 0.113218 0.000000 -0.993570 1.000000 1.000000 1.000000
3393.448486 0.000000 2090.041992 0.000000 0.978755 0.000000 -0.205034 1.000000 1.000000 1.000000
3385.536865 0.000000 2102.516357 0.000000 0.603209 0.000000 -0.797583 1.000000 1.000000 1.000000
3386.708740 0.000000 2105.108398 0.000000 0.253194 0.000000 0.967416 1.000000 1.000000 1.000000
3391.583984 0.000000 2093.551514 0.000000 0.065316 0.000000 -0.997865 1.000000 1.000000 1.000000
3682.609619 0.000000 2152.098633 0.000000 0.714117 0.000000 -0.700026 1.000000 1.000000 1.000000
3698.069824 0.000000 2163.661133 0.000000 0.088880 0.000000 0.996042 1.000000 1.000000 1.000000
3700.562256 0.000000 2166.862305 0.000000 0.240214 0.000000 0.970720 1.000000 1.000000 1.000000
3687.507324 0.000000 2157.515381 0.000000 0.014311 0.000000 0.999898 1.000000 1.000000 1.000000
3678.016602 0.000000 2159.558838 0.000000 0.605390 0.000000 -0.795929 1.000000 1.000000 1.000000
3689.872314 0.000000 2158.458740 0.000000 0.350392 0.000000 -0.936603 1.000000 1.000000 1.000000
3695.001953 0.000000 2173.961182 0.000000 0.928660 0.000000 0.370931 1.000000 1.000000 1.000000
3686.514893 0.000000 2163.161865 0.000000 0.547250 0.000000 0.836969 1.000000 1.000000 1.000000
3686.434326 0.000000 2171.197266 0.000000 0.638044 0.000000 0.770000 1.000000 1.000000 1.000000
3680.775879 0.000000 2160.048584 0.000000 0.559192 0.000000 -0.829038 1.000000 1.000000 1.000000
3695.563232 0.000000 2165.554199 0.000000 0.957472 0.000000 -0.288525 1.000000 1.000000 1.000000
3686.082520 0.000000 2161.710938 0.000000 0.979447 0.000000 0.201700 1.000000 1.000000 1.000000
3693.231445 0.000000 2167.698975 0.000000 0.896225 0.000000 -0.443599 1.000000 1.000000 1.000000
3690.832764 0.000000 2170.097412 0.000000 0.061190 0.000000 0.998126 1.000000 1.000000 1.000000
3699.336670 0.000000 2172.591797 0.000000 0.188325 0.000000 -0.982107 1.000000 1.000000 1.000000
3694.498047 0.000000 2170.058105 0.000000 0.719167 0.000000 -0.694837 1.000000 1.000000 1.000000
"}
