object={
	name="tree_jungle_01_d_generator_1_0"
	clamp_to_water_level=no
	render_under_water=no
	generated_content=yes
	layer="tree_high_layer"
	pdxmesh="tree_jungle_01_d_mesh"
	count=79
	transform="839.612549 0.000000 1341.202881 0.000000 0.992895 0.000000 0.118993 0.748883 0.748883 0.748883
788.173035 0.000000 1357.887329 0.000000 0.669952 0.000000 -0.742404 0.759399 0.759399 0.759399
775.931763 0.000000 1358.253418 0.000000 0.968389 0.000000 -0.249445 0.751888 0.751888 0.751888
788.826233 0.000000 1398.585693 0.000000 0.984652 0.000000 0.174528 0.749672 0.749672 0.749672
788.173035 0.000000 1389.879517 0.000000 0.885423 0.000000 0.464785 0.746380 0.746380 0.746380
791.637756 0.000000 1393.092041 0.000000 0.469912 0.000000 0.882713 0.733798 0.733798 0.733798
817.468872 0.000000 1352.100830 0.000000 0.734690 0.000000 0.678403 0.748604 0.748604 0.748604
824.818420 0.000000 1366.593506 0.000000 0.379492 0.000000 0.925195 0.743363 0.743363 0.743363
818.985718 0.000000 1375.639771 0.000000 0.126403 0.000000 0.991979 0.744592 0.744592 0.744592
808.109924 0.000000 1351.880127 0.000000 0.630177 0.000000 -0.776451 0.759988 0.759988 0.759988
796.166199 0.000000 1357.817383 0.000000 0.077060 0.000000 0.997026 0.727626 0.727626 0.727626
811.993042 0.000000 1371.775391 0.000000 0.052477 0.000000 0.998622 0.730100 0.730100 0.730100
800.245483 0.000000 1355.911133 0.000000 0.621105 0.000000 -0.783727 0.766864 0.766864 0.766864
839.612549 0.000000 1373.195068 0.000000 0.125229 0.000000 -0.992128 0.777061 0.777061 0.777061
844.209961 0.000000 1343.701294 0.000000 0.985201 0.000000 -0.171402 0.750968 0.750968 0.750968
835.105042 0.000000 1344.204468 0.000000 0.246936 0.000000 -0.969032 0.762370 0.762370 0.762370
836.145752 0.000000 1365.754517 0.000000 0.956435 0.000000 -0.291944 0.757766 0.757766 0.757766
837.190186 0.000000 1351.562988 0.000000 0.340441 0.000000 0.940266 0.736256 0.736256 0.736256
843.003723 0.000000 1367.388794 0.000000 0.616073 0.000000 -0.787689 0.760190 0.760190 0.760190
854.634644 0.000000 1361.659912 0.000000 0.146236 0.000000 0.989250 0.715337 0.715337 0.715337
834.554138 0.000000 1371.010864 0.000000 0.777437 0.000000 -0.628961 0.772926 0.772926 0.772926
844.055359 0.000000 1362.272949 0.000000 0.836075 0.000000 -0.548615 0.763048 0.763048 0.763048
839.654602 0.000000 1346.871094 0.000000 0.282565 0.000000 -0.959248 0.769238 0.769238 0.769238
858.704834 0.000000 1352.738892 0.000000 0.591477 0.000000 -0.806322 0.767561 0.767561 0.767561
855.506042 0.000000 1356.520386 0.000000 0.406317 0.000000 0.913732 0.706846 0.706846 0.706846
863.622131 0.000000 1361.099854 0.000000 0.001032 0.000000 0.999999 0.702972 0.702972 0.702972
848.738098 0.000000 1353.230591 0.000000 0.859686 0.000000 0.510823 0.736950 0.736950 0.736950
832.291931 0.000000 1362.912964 0.000000 0.976931 0.000000 -0.213554 0.753627 0.753627 0.753627
828.122925 0.000000 1370.485107 0.000000 0.545766 0.000000 0.837937 0.727677 0.727677 0.727677
859.271545 0.000000 1362.359985 0.000000 0.100745 0.000000 -0.994912 0.777522 0.777522 0.777522
843.795471 0.000000 1356.193481 0.000000 0.476587 0.000000 0.879127 0.717824 0.717824 0.717824
839.757874 0.000000 1363.343140 0.000000 0.065316 0.000000 -0.997865 0.795101 0.795101 0.795101
835.929443 0.000000 1360.435547 0.000000 0.993618 0.000000 0.112797 0.747883 0.747883 0.747883
831.940674 0.000000 1367.792480 0.000000 0.834433 0.000000 -0.551109 0.762022 0.762022 0.762022
838.550537 0.000000 1369.340576 0.000000 0.069268 0.000000 -0.997598 0.783736 0.783736 0.783736
852.134827 0.000000 1358.598267 0.000000 0.958314 0.000000 0.285718 0.739692 0.739692 0.739692
847.782532 0.000000 1361.975586 0.000000 0.393587 0.000000 -0.919287 0.778389 0.778389 0.778389
835.839905 0.000000 1374.367310 0.000000 0.019127 0.000000 0.999817 0.703514 0.703514 0.703514
851.883179 0.000000 1355.100830 0.000000 0.800175 0.000000 0.599767 0.729526 0.729526 0.729526
857.105957 0.000000 1359.377930 0.000000 0.776743 0.000000 0.629817 0.728313 0.728313 0.728313
792.535339 0.000000 1397.719849 0.000000 0.686720 0.000000 -0.726922 0.757619 0.757619 0.757619
808.217773 0.000000 1375.693481 0.000000 0.778760 0.000000 -0.627322 0.755079 0.755079 0.755079
824.165222 0.000000 1389.879517 0.000000 0.863819 0.000000 0.503803 0.747034 0.747034 0.747034
796.166199 0.000000 1389.809570 0.000000 0.910702 0.000000 0.413065 0.743622 0.743622 0.743622
828.527527 0.000000 1397.719849 0.000000 0.041557 0.000000 0.999136 0.744273 0.744273 0.744273
835.105042 0.000000 1376.196655 0.000000 0.965543 0.000000 -0.260242 0.755423 0.755423 0.755423
832.158386 0.000000 1389.809570 0.000000 0.975242 0.000000 0.221140 0.746660 0.746660 0.746660
837.190186 0.000000 1383.555176 0.000000 0.998506 0.000000 0.054642 0.749591 0.749591 0.749591
828.151672 0.000000 1377.323486 0.000000 0.985779 0.000000 -0.168046 0.753162 0.753162 0.753162
832.898010 0.000000 1380.725952 0.000000 0.948810 0.000000 0.315848 0.745186 0.745186 0.745186
875.604736 0.000000 1341.202881 0.000000 0.921461 0.000000 -0.388470 0.750747 0.750747 0.750747
896.802795 0.000000 1334.601318 0.000000 0.253878 0.000000 0.967236 0.730316 0.730316 0.730316
883.908325 0.000000 1326.261230 0.000000 0.944881 0.000000 -0.327415 0.752498 0.752498 0.752498
878.995911 0.000000 1335.396606 0.000000 0.382649 0.000000 -0.923894 0.763236 0.763236 0.763236
890.626831 0.000000 1329.667725 0.000000 0.743038 0.000000 -0.669250 0.765101 0.765101 0.765101
883.977417 0.000000 1339.783203 0.000000 0.381626 0.000000 -0.924317 0.767664 0.767664 0.767664
900.511902 0.000000 1333.735474 0.000000 0.999918 0.000000 0.012783 0.749904 0.749904 0.749904
889.453247 0.000000 1352.100830 0.000000 0.109340 0.000000 0.994004 0.736320 0.736320 0.736320
866.403503 0.000000 1374.515625 0.000000 0.277504 0.000000 -0.960725 0.764488 0.764488 0.764488
880.094299 0.000000 1351.880127 0.000000 0.490292 0.000000 0.871558 0.738110 0.738110 0.738110
872.137939 0.000000 1365.754517 0.000000 0.884709 0.000000 -0.466145 0.755448 0.755448 0.755448
883.908325 0.000000 1358.253418 0.000000 0.974384 0.000000 -0.224889 0.752124 0.752124 0.752124
886.569580 0.000000 1345.616211 0.000000 0.896149 0.000000 -0.443754 0.755165 0.755165 0.755165
870.546326 0.000000 1371.010864 0.000000 0.942668 0.000000 0.333732 0.745540 0.745540 0.745540
884.730286 0.000000 1353.230591 0.000000 0.982571 0.000000 0.185888 0.747199 0.747199 0.747199
868.284119 0.000000 1362.912964 0.000000 0.150146 0.000000 -0.988664 0.787226 0.787226 0.787226
863.849854 0.000000 1355.330933 0.000000 0.796491 0.000000 -0.604651 0.760942 0.760942 0.760942
863.839172 0.000000 1361.540894 0.000000 0.981435 0.000000 0.191797 0.744218 0.744218 0.744218
867.932861 0.000000 1367.792480 0.000000 0.631584 0.000000 0.775308 0.730066 0.730066 0.730066
864.594360 0.000000 1382.650146 0.000000 0.482092 0.000000 -0.876120 0.755998 0.755998 0.755998
876.020203 0.000000 1390.938599 0.000000 0.559716 0.000000 -0.828685 0.753658 0.753658 0.753658
864.519714 0.000000 1397.719849 0.000000 0.927923 0.000000 0.372772 0.748569 0.748569 0.748569
871.097229 0.000000 1376.196655 0.000000 0.991795 0.000000 0.127835 0.748080 0.748080 0.748080
868.150574 0.000000 1389.809570 0.000000 0.926614 0.000000 0.376015 0.740617 0.740617 0.740617
872.137939 0.000000 1397.746704 0.000000 0.090300 0.000000 -0.995915 0.761087 0.761087 0.761087
873.182373 0.000000 1383.555176 0.000000 0.549193 0.000000 -0.835695 0.764820 0.764820 0.764820
875.646790 0.000000 1378.863281 0.000000 0.328854 0.000000 0.944381 0.733804 0.733804 0.733804
868.284119 0.000000 1394.905151 0.000000 0.269742 0.000000 -0.962933 0.771868 0.771868 0.771868
871.921631 0.000000 1392.427734 0.000000 0.434984 0.000000 0.900438 0.724817 0.724817 0.724817
"}
