object={
	name="tree_jungle_01_c_generator_1_0"
	clamp_to_water_level=no
	render_under_water=no
	generated_content=yes
	layer="tree_high_layer"
	pdxmesh="tree_jungle_01_c_mesh"
	count=389
	transform="767.628174 0.000000 1341.202881 0.000000 0.332536 0.000000 0.943091 0.897232 0.897232 0.897232
781.476685 0.000000 1320.108643 0.000000 0.634264 0.000000 0.773117 0.898014 0.898014 0.898014
788.826233 0.000000 1334.601318 0.000000 0.478669 0.000000 -0.877995 0.928895 0.928895 0.928895
777.366699 0.000000 1333.532715 0.000000 0.773875 0.000000 0.633338 0.895377 0.895377 0.895377
782.993530 0.000000 1343.647583 0.000000 0.281579 0.000000 -0.959538 0.928881 0.928881 0.928881
788.173035 0.000000 1325.895142 0.000000 0.296496 0.000000 0.955034 0.880029 0.880029 0.880029
782.650269 0.000000 1329.667725 0.000000 0.999999 0.000000 0.001082 0.899983 0.899983 0.899983
776.000854 0.000000 1339.783203 0.000000 0.896912 0.000000 0.442210 0.893825 0.893825 0.893825
789.031372 0.000000 1341.046021 0.000000 0.992967 0.000000 0.118393 0.897600 0.897600 0.897600
782.381226 0.000000 1337.419922 0.000000 0.130188 0.000000 0.991489 0.870875 0.870875 0.870875
791.637756 0.000000 1329.107666 0.000000 0.911124 0.000000 0.412132 0.890455 0.890455 0.890455
787.287170 0.000000 1330.367798 0.000000 0.895218 0.000000 0.445629 0.888584 0.888584 0.888584
803.620361 0.000000 1309.210693 0.000000 0.003029 0.000000 -0.999995 0.910568 0.910568 0.910568
824.818420 0.000000 1302.609131 0.000000 0.561733 0.000000 -0.827319 0.908757 0.908757 0.908757
813.358887 0.000000 1301.540527 0.000000 0.028648 0.000000 0.999590 0.893070 0.893070 0.893070
818.985718 0.000000 1311.655396 0.000000 0.469912 0.000000 -0.882713 0.917012 0.917012 0.917012
825.023560 0.000000 1309.053833 0.000000 0.722890 0.000000 -0.690963 0.913712 0.913712 0.913712
839.612549 0.000000 1309.210693 0.000000 0.867668 0.000000 0.497144 0.891816 0.891816 0.891816
860.810608 0.000000 1302.609131 0.000000 0.852626 0.000000 -0.522522 0.903706 0.903706 0.903706
828.527527 0.000000 1301.743286 0.000000 0.831387 0.000000 0.555694 0.896028 0.896028 0.896028
849.351074 0.000000 1301.540527 0.000000 0.823618 0.000000 0.567145 0.895935 0.895935 0.895935
854.977905 0.000000 1311.655396 0.000000 0.590547 0.000000 -0.807003 0.910550 0.910550 0.910550
830.411316 0.000000 1310.531250 0.000000 0.172145 0.000000 0.985072 0.871734 0.871734 0.871734
836.145752 0.000000 1301.770142 0.000000 0.574951 0.000000 0.818188 0.891388 0.891388 0.891388
834.554138 0.000000 1307.026489 0.000000 0.256692 0.000000 -0.966493 0.917677 0.917677 0.917677
803.620361 0.000000 1341.202881 0.000000 0.732413 0.000000 -0.680861 0.913462 0.913462 0.913462
817.468872 0.000000 1320.108643 0.000000 0.952448 0.000000 0.304702 0.891652 0.891652 0.891652
792.609985 0.000000 1318.665771 0.000000 0.173716 0.000000 0.984796 0.890589 0.890589 0.890589
824.818420 0.000000 1334.601318 0.000000 0.993024 0.000000 0.117914 0.895751 0.895751 0.895751
804.035828 0.000000 1326.954224 0.000000 0.464494 0.000000 0.885576 0.878004 0.878004 0.878004
792.535339 0.000000 1333.735474 0.000000 0.931833 0.000000 -0.362886 0.909178 0.909178 0.909178
813.358887 0.000000 1333.532715 0.000000 0.557893 0.000000 -0.829913 0.930794 0.930794 0.930794
808.217773 0.000000 1311.709106 0.000000 0.673873 0.000000 -0.738847 0.911208 0.911208 0.911208
818.985718 0.000000 1343.647583 0.000000 0.999570 0.000000 -0.029336 0.900857 0.900857 0.900857
794.419128 0.000000 1342.523438 0.000000 0.971313 0.000000 -0.237804 0.903237 0.903237 0.903237
799.112854 0.000000 1312.212280 0.000000 0.908559 0.000000 0.417757 0.897095 0.897095 0.897095
824.165222 0.000000 1325.895142 0.000000 0.854277 0.000000 0.519819 0.881576 0.881576 0.881576
825.025330 0.000000 1315.859619 0.000000 0.082867 0.000000 0.996561 0.866570 0.866570 0.866570
808.109924 0.000000 1319.887939 0.000000 0.886885 0.000000 -0.461991 0.909711 0.909711 0.909711
796.166199 0.000000 1325.825195 0.000000 0.920271 0.000000 -0.391281 0.905420 0.905420 0.905420
800.153564 0.000000 1333.762329 0.000000 0.843917 0.000000 0.536474 0.888549 0.888549 0.888549
811.923950 0.000000 1326.261230 0.000000 0.077769 0.000000 -0.996971 0.940254 0.940254 0.940254
801.197998 0.000000 1319.570801 0.000000 0.790915 0.000000 -0.611926 0.907398 0.907398 0.907398
807.011536 0.000000 1335.396606 0.000000 0.663259 0.000000 0.748390 0.881000 0.881000 0.881000
814.585205 0.000000 1313.624023 0.000000 0.716247 0.000000 -0.697847 0.913884 0.913884 0.913884
818.642456 0.000000 1329.667725 0.000000 0.069794 0.000000 -0.997561 0.950587 0.950587 0.950587
811.993042 0.000000 1339.783203 0.000000 0.504425 0.000000 -0.863455 0.928097 0.928097 0.928097
825.023560 0.000000 1341.046021 0.000000 0.813356 0.000000 -0.581767 0.920926 0.920926 0.920926
818.373413 0.000000 1337.419922 0.000000 0.999057 0.000000 -0.043411 0.901464 0.901464 0.901464
798.561951 0.000000 1339.018677 0.000000 0.005493 0.000000 0.999985 0.875380 0.875380 0.875380
820.062134 0.000000 1313.611694 0.000000 0.700054 0.000000 0.714090 0.883917 0.883917 0.883917
808.063171 0.000000 1330.280762 0.000000 0.863023 0.000000 -0.505165 0.914279 0.914279 0.914279
822.712646 0.000000 1320.746704 0.000000 0.537733 0.000000 -0.843115 0.929299 0.929299 0.929299
819.513855 0.000000 1324.528198 0.000000 0.253041 0.000000 -0.967456 0.941364 0.941364 0.941364
827.629944 0.000000 1329.107666 0.000000 0.630566 0.000000 0.776136 0.868058 0.868058 0.868058
812.745911 0.000000 1321.238403 0.000000 0.902236 0.000000 0.431243 0.888980 0.888980 0.888980
796.299744 0.000000 1330.920776 0.000000 0.075926 0.000000 -0.997113 0.933586 0.933586 0.933586
792.130737 0.000000 1338.492920 0.000000 0.757133 0.000000 -0.653261 0.914396 0.914396 0.914396
823.279358 0.000000 1330.367798 0.000000 0.992483 0.000000 0.122380 0.895589 0.895589 0.895589
807.803284 0.000000 1324.201294 0.000000 0.594062 0.000000 0.804419 0.878998 0.878998 0.878998
791.854797 0.000000 1329.548706 0.000000 0.852606 0.000000 -0.522554 0.912354 0.912354 0.912354
820.147034 0.000000 1333.587646 0.000000 0.800315 0.000000 -0.599580 0.923115 0.923115 0.923115
815.978027 0.000000 1340.740845 0.000000 0.853956 0.000000 0.520346 0.884015 0.884015 0.884015
816.142639 0.000000 1326.606079 0.000000 0.952856 0.000000 -0.303422 0.909697 0.909697 0.909697
821.190796 0.000000 1340.197266 0.000000 0.037826 0.000000 0.999284 0.851778 0.851778 0.851778
814.664124 0.000000 1337.085205 0.000000 0.664998 0.000000 0.746845 0.873473 0.873473 0.873473
821.915710 0.000000 1336.687988 0.000000 0.233046 0.000000 0.972466 0.851985 0.851985 0.851985
826.264954 0.000000 1337.699341 0.000000 0.891717 0.000000 0.452594 0.883115 0.883115 0.883115
816.636353 0.000000 1332.410645 0.000000 0.792198 0.000000 -0.610264 0.923598 0.923598 0.923598
853.461060 0.000000 1320.108643 0.000000 0.640894 0.000000 -0.767630 0.917697 0.917697 0.917697
828.602173 0.000000 1318.665771 0.000000 0.889170 0.000000 0.457577 0.887185 0.887185 0.887185
860.810608 0.000000 1334.601318 0.000000 0.055248 0.000000 0.998473 0.872758 0.872758 0.872758
840.028015 0.000000 1326.954224 0.000000 0.499915 0.000000 0.866075 0.869409 0.869409 0.869409
828.527527 0.000000 1333.735474 0.000000 0.902050 0.000000 0.431632 0.883955 0.883955 0.883955
849.351074 0.000000 1333.532715 0.000000 0.921246 0.000000 -0.388981 0.910772 0.910772 0.910772
844.209961 0.000000 1311.709106 0.000000 0.291531 0.000000 0.956562 0.882812 0.882812 0.882812
854.977905 0.000000 1343.647583 0.000000 0.339678 0.000000 -0.940542 0.922006 0.922006 0.922006
830.411316 0.000000 1342.523438 0.000000 0.911289 0.000000 -0.411768 0.912396 0.912396 0.912396
835.105042 0.000000 1312.212280 0.000000 0.039214 0.000000 -0.999231 0.934413 0.934413 0.934413
860.157410 0.000000 1325.895142 0.000000 0.081775 0.000000 -0.996651 0.923418 0.923418 0.923418
861.017517 0.000000 1315.859619 0.000000 0.932492 0.000000 0.361191 0.895848 0.895848 0.895848
844.102112 0.000000 1319.887939 0.000000 0.504577 0.000000 -0.863367 0.923411 0.923411 0.923411
832.158386 0.000000 1325.825195 0.000000 0.443017 0.000000 -0.896513 0.934974 0.934974 0.934974
836.145752 0.000000 1333.762329 0.000000 0.697003 0.000000 -0.717068 0.926949 0.926949 0.926949
847.916138 0.000000 1326.261230 0.000000 0.364978 0.000000 0.931016 0.867721 0.867721 0.867721
837.190186 0.000000 1319.570801 0.000000 0.920127 0.000000 -0.391620 0.909945 0.909945 0.909945
843.003723 0.000000 1335.396606 0.000000 0.285170 0.000000 -0.958477 0.937435 0.937435 0.937435
850.577393 0.000000 1313.624023 0.000000 0.839372 0.000000 -0.543557 0.907747 0.907747 0.907747
854.634644 0.000000 1329.667725 0.000000 0.999673 0.000000 -0.025553 0.900574 0.900574 0.900574
847.985229 0.000000 1339.783203 0.000000 0.644232 0.000000 -0.764830 0.921522 0.921522 0.921522
861.015747 0.000000 1341.046021 0.000000 0.229941 0.000000 0.973205 0.875935 0.875935 0.875935
854.365601 0.000000 1337.419922 0.000000 0.365922 0.000000 0.930646 0.873123 0.873123 0.873123
834.554138 0.000000 1339.018677 0.000000 0.931853 0.000000 -0.362835 0.911680 0.911680 0.911680
828.151672 0.000000 1313.339111 0.000000 0.433243 0.000000 0.901277 0.877297 0.877297 0.877297
856.054321 0.000000 1313.611694 0.000000 0.999950 0.000000 -0.009979 0.900135 0.900135 0.900135
844.055359 0.000000 1330.280762 0.000000 0.684748 0.000000 0.728780 0.876149 0.876149 0.876149
839.654602 0.000000 1314.878906 0.000000 0.051436 0.000000 -0.998676 0.930724 0.930724 0.930724
858.704834 0.000000 1320.746704 0.000000 0.828248 0.000000 0.560362 0.890644 0.890644 0.890644
855.506042 0.000000 1324.528198 0.000000 0.685552 0.000000 0.728024 0.883510 0.883510 0.883510
848.738098 0.000000 1321.238403 0.000000 0.966721 0.000000 0.255835 0.894187 0.894187 0.894187
832.291931 0.000000 1330.920776 0.000000 0.076198 0.000000 -0.997093 0.950371 0.950371 0.950371
832.898010 0.000000 1316.741577 0.000000 0.315103 0.000000 0.949057 0.869099 0.869099 0.869099
828.122925 0.000000 1338.492920 0.000000 0.088104 0.000000 0.996111 0.850032 0.850032 0.850032
827.857666 0.000000 1323.338745 0.000000 0.960891 0.000000 0.276927 0.891173 0.891173 0.891173
843.795471 0.000000 1324.201294 0.000000 0.261494 0.000000 0.965205 0.861846 0.861846 0.861846
836.237671 0.000000 1323.918945 0.000000 0.343614 0.000000 -0.939111 0.935637 0.935637 0.935637
831.942871 0.000000 1321.468018 0.000000 0.998373 0.000000 -0.057024 0.901666 0.901666 0.901666
839.757874 0.000000 1331.350952 0.000000 0.962730 0.000000 -0.270463 0.909230 0.909230 0.909230
835.929443 0.000000 1328.443359 0.000000 0.315866 0.000000 -0.948804 0.942110 0.942110 0.942110
827.846985 0.000000 1329.548706 0.000000 0.239074 0.000000 -0.971001 0.947792 0.947792 0.947792
844.100891 0.000000 1341.202759 0.000000 0.772265 0.000000 -0.635300 0.917014 0.917014 0.917014
831.940674 0.000000 1335.800293 0.000000 0.181725 0.000000 -0.983349 0.949901 0.949901 0.949901
838.550537 0.000000 1337.348389 0.000000 0.118432 0.000000 0.992962 0.854322 0.854322 0.854322
840.275513 0.000000 1322.119263 0.000000 0.059035 0.000000 -0.998256 0.940760 0.940760 0.940760
847.782532 0.000000 1329.983398 0.000000 0.201984 0.000000 0.979389 0.860058 0.860058 0.860058
767.628174 0.000000 1373.195068 0.000000 0.969761 0.000000 0.244055 0.897230 0.897230 0.897230
781.476685 0.000000 1352.100830 0.000000 0.766325 0.000000 -0.642453 0.907838 0.907838 0.907838
768.043640 0.000000 1358.946411 0.000000 0.106051 0.000000 -0.994361 0.923035 0.923035 0.923035
772.225586 0.000000 1343.701294 0.000000 0.040315 0.000000 0.999187 0.879367 0.879367 0.879367
789.033142 0.000000 1347.851807 0.000000 0.073336 0.000000 0.997307 0.879813 0.879813 0.879813
772.117737 0.000000 1351.880127 0.000000 0.426471 0.000000 -0.904501 0.912697 0.912697 0.912697
764.161377 0.000000 1365.754517 0.000000 0.621342 0.000000 0.783540 0.881793 0.881793 0.881793
771.019348 0.000000 1367.388794 0.000000 0.998030 0.000000 -0.062745 0.900987 0.900987 0.900987
778.593018 0.000000 1345.616211 0.000000 0.331802 0.000000 0.943349 0.875075 0.875075 0.875075
784.069946 0.000000 1345.603882 0.000000 0.999422 0.000000 0.033993 0.899389 0.899389 0.899389
767.773499 0.000000 1363.343140 0.000000 0.960162 0.000000 0.279444 0.893636 0.893636 0.893636
767.628174 0.000000 1405.187256 0.000000 0.210805 0.000000 -0.977528 0.912209 0.912209 0.912209
781.476685 0.000000 1384.093018 0.000000 0.738592 0.000000 0.674153 0.896675 0.896675 0.896675
756.617798 0.000000 1382.650146 0.000000 0.736188 0.000000 0.676777 0.898330 0.898330 0.898330
777.366699 0.000000 1397.517090 0.000000 0.327235 0.000000 0.944943 0.874977 0.874977 0.874977
782.993530 0.000000 1407.631958 0.000000 0.942425 0.000000 -0.334418 0.908428 0.908428 0.908428
760.174011 0.000000 1389.809570 0.000000 0.842905 0.000000 -0.538063 0.910212 0.910212 0.910212
764.161377 0.000000 1397.746704 0.000000 0.055474 0.000000 0.998460 0.886381 0.886381 0.886381
775.931763 0.000000 1390.245605 0.000000 0.403903 0.000000 -0.914802 0.910381 0.910381 0.910381
771.019348 0.000000 1399.380981 0.000000 0.999699 0.000000 -0.024537 0.900551 0.900551 0.900551
782.650269 0.000000 1393.652100 0.000000 0.095843 0.000000 0.995396 0.873490 0.873490 0.873490
776.000854 0.000000 1403.767578 0.000000 0.914388 0.000000 0.404840 0.891571 0.891571 0.891571
789.031372 0.000000 1405.030396 0.000000 0.682742 0.000000 0.730660 0.877910 0.877910 0.877910
782.381226 0.000000 1401.404297 0.000000 0.836071 0.000000 -0.548622 0.916963 0.916963 0.916963
772.070984 0.000000 1394.265137 0.000000 0.107100 0.000000 -0.994248 0.923018 0.923018 0.923018
784.154846 0.000000 1397.572021 0.000000 0.199794 0.000000 0.979838 0.866148 0.866148 0.866148
785.198608 0.000000 1404.181641 0.000000 0.083183 0.000000 0.996534 0.856550 0.856550 0.856550
792.609985 0.000000 1350.657959 0.000000 0.726898 0.000000 0.686746 0.896598 0.896598 0.896598
804.035828 0.000000 1358.946411 0.000000 0.926203 0.000000 -0.377026 0.902606 0.902606 0.902606
813.358887 0.000000 1365.524902 0.000000 0.206047 0.000000 -0.978542 0.906126 0.906126 0.906126
808.217773 0.000000 1343.701294 0.000000 0.607187 0.000000 0.794559 0.879367 0.879367 0.879367
799.112854 0.000000 1344.204468 0.000000 0.236171 0.000000 0.971711 0.885031 0.885031 0.885031
824.165222 0.000000 1357.887329 0.000000 0.798178 0.000000 0.602421 0.889831 0.889831 0.889831
825.025330 0.000000 1347.851807 0.000000 0.893951 0.000000 0.448164 0.887470 0.887470 0.887470
811.923950 0.000000 1358.253418 0.000000 0.956396 0.000000 0.292072 0.897336 0.897336 0.897336
801.197998 0.000000 1351.562988 0.000000 0.693842 0.000000 0.720128 0.892774 0.892774 0.892774
814.585205 0.000000 1345.616211 0.000000 0.991552 0.000000 -0.129707 0.903215 0.903215 0.903215
818.642456 0.000000 1361.659912 0.000000 0.682234 0.000000 0.731134 0.890788 0.890788 0.890788
825.023560 0.000000 1373.038208 0.000000 0.138489 0.000000 0.990364 0.877479 0.877479 0.877479
818.373413 0.000000 1369.412109 0.000000 0.974493 0.000000 0.224419 0.896949 0.896949 0.896949
792.159485 0.000000 1345.331299 0.000000 0.087815 0.000000 -0.996137 0.919991 0.919991 0.919991
820.062134 0.000000 1345.603882 0.000000 0.996585 0.000000 -0.082579 0.902415 0.902415 0.902415
822.712646 0.000000 1352.738892 0.000000 0.633857 0.000000 0.773450 0.882118 0.882118 0.882118
819.513855 0.000000 1356.520386 0.000000 0.648609 0.000000 0.761122 0.886394 0.886394 0.886394
812.745911 0.000000 1353.230591 0.000000 0.231308 0.000000 -0.972880 0.924039 0.924039 0.924039
810.597107 0.000000 1347.873169 0.000000 0.861248 0.000000 -0.508186 0.910780 0.910780 0.910780
823.588257 0.000000 1343.682007 0.000000 0.921962 0.000000 0.387280 0.887490 0.887490 0.887490
853.461060 0.000000 1352.100830 0.000000 0.984163 0.000000 0.177267 0.897998 0.897998 0.897998
828.602173 0.000000 1350.657959 0.000000 0.066964 0.000000 0.997755 0.866212 0.866212 0.866212
860.810608 0.000000 1366.593506 0.000000 0.569269 0.000000 -0.822151 0.904337 0.904337 0.904337
840.028015 0.000000 1358.946411 0.000000 0.281824 0.000000 0.959466 0.885563 0.885563 0.885563
828.527527 0.000000 1365.727661 0.000000 0.997650 0.000000 0.068509 0.899230 0.899230 0.899230
849.351074 0.000000 1365.524902 0.000000 0.785276 0.000000 0.619145 0.897000 0.897000 0.897000
830.411316 0.000000 1374.515625 0.000000 0.917694 0.000000 0.397288 0.896328 0.896328 0.896328
860.157410 0.000000 1357.887329 0.000000 0.645910 0.000000 0.763413 0.892193 0.892193 0.892193
861.017517 0.000000 1347.851807 0.000000 0.992065 0.000000 0.125724 0.898301 0.898301 0.898301
844.102112 0.000000 1351.880127 0.000000 0.956056 0.000000 -0.293183 0.905349 0.905349 0.905349
832.158386 0.000000 1357.817383 0.000000 0.160983 0.000000 0.986957 0.877837 0.877837 0.877837
847.916138 0.000000 1358.253418 0.000000 0.676260 0.000000 0.736663 0.892557 0.892557 0.892557
850.577393 0.000000 1345.616211 0.000000 0.436627 0.000000 0.899643 0.879887 0.879887 0.879887
828.151672 0.000000 1345.331299 0.000000 0.806334 0.000000 0.591461 0.881514 0.881514 0.881514
856.054321 0.000000 1345.603882 0.000000 0.055076 0.000000 0.998482 0.876161 0.876161 0.876161
832.898010 0.000000 1348.733765 0.000000 0.557209 0.000000 0.830372 0.875784 0.875784 0.875784
846.589294 0.000000 1347.873169 0.000000 0.530133 0.000000 0.847914 0.879534 0.879534 0.879534
803.620361 0.000000 1405.187256 0.000000 0.794227 0.000000 -0.607621 0.910272 0.910272 0.910272
817.468872 0.000000 1384.093018 0.000000 0.999711 0.000000 0.024049 0.899568 0.899568 0.899568
824.818420 0.000000 1398.585693 0.000000 0.003230 0.000000 0.999995 0.896478 0.896478 0.896478
804.035828 0.000000 1390.938599 0.000000 0.690481 0.000000 0.723351 0.892732 0.892732 0.892732
813.358887 0.000000 1397.517090 0.000000 0.898219 0.000000 -0.439548 0.909203 0.909203 0.909203
818.985718 0.000000 1407.631958 0.000000 0.240656 0.000000 0.970611 0.876133 0.876133 0.876133
794.419128 0.000000 1406.507812 0.000000 0.885377 0.000000 0.464873 0.890223 0.890223 0.890223
825.025330 0.000000 1379.843994 0.000000 0.313871 0.000000 0.949466 0.877504 0.877504 0.877504
800.153564 0.000000 1397.746704 0.000000 0.151239 0.000000 0.988497 0.877682 0.877682 0.877682
811.923950 0.000000 1390.245605 0.000000 0.075680 0.000000 -0.997132 0.923514 0.923514 0.923514
807.011536 0.000000 1399.380981 0.000000 0.963903 0.000000 -0.266252 0.905450 0.905450 0.905450
814.585205 0.000000 1377.608398 0.000000 0.433036 0.000000 -0.901376 0.912616 0.912616 0.912616
818.642456 0.000000 1393.652100 0.000000 0.764549 0.000000 -0.644566 0.911017 0.911017 0.911017
811.993042 0.000000 1403.767578 0.000000 0.968543 0.000000 0.248848 0.896610 0.896610 0.896610
818.373413 0.000000 1401.404297 0.000000 0.299233 0.000000 -0.954180 0.928466 0.928466 0.928466
798.561951 0.000000 1403.003052 0.000000 0.776791 0.000000 -0.629758 0.913776 0.913776 0.913776
820.062134 0.000000 1377.596069 0.000000 0.922202 0.000000 -0.386709 0.908029 0.908029 0.908029
808.063171 0.000000 1394.265137 0.000000 0.999025 0.000000 -0.044141 0.900794 0.900794 0.900794
822.712646 0.000000 1384.731079 0.000000 0.865235 0.000000 -0.501367 0.909440 0.909440 0.909440
819.513855 0.000000 1388.512573 0.000000 0.979574 0.000000 -0.201084 0.904094 0.904094 0.904094
792.130737 0.000000 1402.477295 0.000000 0.491828 0.000000 -0.870692 0.923741 0.923741 0.923741
828.602173 0.000000 1382.650146 0.000000 0.474242 0.000000 0.880395 0.887904 0.887904 0.887904
781.476685 0.000000 1416.085205 0.000000 0.650490 0.000000 -0.759515 0.909690 0.909690 0.909690
772.225586 0.000000 1407.685669 0.000000 0.837155 0.000000 -0.546965 0.903901 0.903901 0.903901
788.173035 0.000000 1421.871704 0.000000 0.551034 0.000000 0.834483 0.891128 0.891128 0.891128
789.033142 0.000000 1411.836182 0.000000 0.878002 0.000000 0.478658 0.893271 0.893271 0.893271
778.593018 0.000000 1409.600586 0.000000 0.996068 0.000000 0.088596 0.898605 0.898605 0.898605
782.650269 0.000000 1425.644287 0.000000 0.869871 0.000000 0.493279 0.893046 0.893046 0.893046
784.069946 0.000000 1409.588257 0.000000 0.061369 0.000000 0.998115 0.872868 0.872868 0.872868
786.720459 0.000000 1416.723267 0.000000 0.847908 0.000000 -0.530144 0.908789 0.908789 0.908789
783.521667 0.000000 1420.504761 0.000000 0.999635 0.000000 -0.027027 0.900486 0.900486 0.900486
787.596069 0.000000 1407.666382 0.000000 0.985412 0.000000 -0.170184 0.904227 0.904227 0.904227
767.628174 0.000000 1469.171631 0.000000 0.832836 0.000000 0.553519 0.898682 0.898682 0.898682
788.826233 0.000000 1462.570068 0.000000 0.760629 0.000000 -0.649187 0.912700 0.912700 0.912700
768.043640 0.000000 1454.922974 0.000000 0.576116 0.000000 0.817368 0.891400 0.891400 0.891400
777.366699 0.000000 1461.501465 0.000000 0.148319 0.000000 -0.988940 0.928754 0.928754 0.928754
782.993530 0.000000 1471.616333 0.000000 0.421079 0.000000 -0.907024 0.915317 0.915317 0.915317
764.161377 0.000000 1461.731079 0.000000 0.965770 0.000000 -0.259399 0.903538 0.903538 0.903538
771.019348 0.000000 1463.365356 0.000000 0.918069 0.000000 0.396421 0.889010 0.889010 0.889010
776.000854 0.000000 1467.751953 0.000000 0.879006 0.000000 0.476811 0.884365 0.884365 0.884365
782.381226 0.000000 1465.388672 0.000000 0.601100 0.000000 -0.799174 0.920804 0.920804 0.920804
778.671936 0.000000 1465.053955 0.000000 0.606248 0.000000 -0.795276 0.926857 0.926857 0.926857
774.148560 0.000000 1464.790039 0.000000 0.909194 0.000000 -0.416373 0.915439 0.915439 0.915439
817.468872 0.000000 1416.085205 0.000000 0.985556 0.000000 0.169352 0.898471 0.898471 0.898471
792.609985 0.000000 1414.642334 0.000000 0.454758 0.000000 0.890615 0.895063 0.895063 0.895063
824.818420 0.000000 1430.577881 0.000000 0.994381 0.000000 0.105865 0.898332 0.898332 0.898332
808.217773 0.000000 1407.685669 0.000000 0.915499 0.000000 0.402320 0.895348 0.895348 0.895348
818.985718 0.000000 1439.624146 0.000000 0.783047 0.000000 -0.621962 0.912066 0.912066 0.912066
799.112854 0.000000 1408.188843 0.000000 0.054233 0.000000 0.998528 0.882962 0.882962 0.882962
808.109924 0.000000 1415.864502 0.000000 0.748921 0.000000 0.662660 0.891862 0.891862 0.891862
811.923950 0.000000 1422.237793 0.000000 0.999222 0.000000 -0.039446 0.900355 0.900355 0.900355
825.023560 0.000000 1437.022583 0.000000 0.822644 0.000000 0.568557 0.891847 0.891847 0.891847
792.159485 0.000000 1409.315674 0.000000 0.776409 0.000000 -0.630229 0.912256 0.912256 0.912256
812.745911 0.000000 1417.214966 0.000000 0.022900 0.000000 0.999738 0.872176 0.872176 0.872176
853.461060 0.000000 1416.085205 0.000000 0.717528 0.000000 0.696530 0.893075 0.893075 0.893075
828.527527 0.000000 1429.712036 0.000000 0.997008 0.000000 0.077303 0.898609 0.898609 0.898609
860.157410 0.000000 1421.871704 0.000000 0.921825 0.000000 -0.387606 0.907155 0.907155 0.907155
832.158386 0.000000 1421.801758 0.000000 0.165799 0.000000 -0.986160 0.918931 0.918931 0.918931
858.704834 0.000000 1416.723267 0.000000 0.267670 0.000000 -0.963511 0.920444 0.920444 0.920444
832.291931 0.000000 1426.897339 0.000000 0.079195 0.000000 0.996859 0.873190 0.873190 0.873190
803.620361 0.000000 1469.171631 0.000000 0.781367 0.000000 0.624072 0.889400 0.889400 0.889400
817.468872 0.000000 1448.077393 0.000000 0.985576 0.000000 0.169232 0.898090 0.898090 0.898090
824.818420 0.000000 1462.570068 0.000000 0.035589 0.000000 0.999367 0.872405 0.872405 0.872405
804.035828 0.000000 1454.922974 0.000000 0.329344 0.000000 0.944210 0.883348 0.883348 0.883348
792.535339 0.000000 1461.704224 0.000000 0.418591 0.000000 0.908175 0.882087 0.882087 0.882087
813.358887 0.000000 1461.501465 0.000000 0.454417 0.000000 -0.890789 0.912348 0.912348 0.912348
808.217773 0.000000 1439.677856 0.000000 0.073969 0.000000 -0.997261 0.906726 0.906726 0.906726
818.985718 0.000000 1471.616333 0.000000 0.724612 0.000000 -0.689158 0.905125 0.905125 0.905125
794.419128 0.000000 1470.492188 0.000000 0.645387 0.000000 -0.763856 0.909766 0.909766 0.909766
808.109924 0.000000 1447.856689 0.000000 0.005562 0.000000 0.999985 0.878899 0.878899 0.878899
796.166199 0.000000 1453.793945 0.000000 0.736411 0.000000 0.676534 0.888313 0.888313 0.888313
800.153564 0.000000 1461.731079 0.000000 0.674142 0.000000 0.738602 0.890664 0.890664 0.890664
811.923950 0.000000 1454.229980 0.000000 0.123210 0.000000 -0.992381 0.916259 0.916259 0.916259
801.197998 0.000000 1447.539551 0.000000 0.531440 0.000000 -0.847096 0.909082 0.909082 0.909082
814.585205 0.000000 1441.592773 0.000000 0.063548 0.000000 -0.997979 0.927092 0.927092 0.927092
818.642456 0.000000 1457.636475 0.000000 0.140927 0.000000 -0.990020 0.922482 0.922482 0.922482
818.373413 0.000000 1465.388672 0.000000 0.110795 0.000000 -0.993843 0.926240 0.926240 0.926240
798.561951 0.000000 1466.987427 0.000000 0.871204 0.000000 -0.490921 0.908071 0.908071 0.908071
812.745911 0.000000 1449.207153 0.000000 0.982728 0.000000 -0.185054 0.903346 0.903346 0.903346
839.612549 0.000000 1469.171631 0.000000 0.922911 0.000000 0.385014 0.895560 0.895560 0.895560
860.810608 0.000000 1462.570068 0.000000 0.671050 0.000000 -0.741412 0.911259 0.911259 0.911259
828.527527 0.000000 1461.704224 0.000000 0.653902 0.000000 0.756580 0.886504 0.886504 0.886504
849.351074 0.000000 1461.501465 0.000000 0.128069 0.000000 -0.991765 0.925927 0.925927 0.925927
836.145752 0.000000 1461.731079 0.000000 0.544877 0.000000 0.838516 0.888827 0.888827 0.888827
843.003723 0.000000 1463.365356 0.000000 0.908949 0.000000 0.416907 0.892270 0.892270 0.892270
854.634644 0.000000 1457.636475 0.000000 0.698800 0.000000 0.715318 0.887463 0.887463 0.887463
834.554138 0.000000 1466.987427 0.000000 0.330952 0.000000 -0.943648 0.919401 0.919401 0.919401
772.225586 0.000000 1471.670044 0.000000 0.878378 0.000000 -0.477967 0.905599 0.905599 0.905599
792.609985 0.000000 1478.626709 0.000000 0.718234 0.000000 -0.695801 0.905187 0.905187 0.905187
799.112854 0.000000 1472.173218 0.000000 0.731365 0.000000 0.681987 0.886510 0.886510 0.886510
801.197998 0.000000 1479.531738 0.000000 0.965634 0.000000 0.259906 0.897046 0.897046 0.897046
796.905823 0.000000 1476.702515 0.000000 0.965519 0.000000 -0.260331 0.904734 0.904734 0.904734
875.604736 0.000000 1309.210693 0.000000 0.909858 0.000000 -0.414919 0.906729 0.906729 0.906729
864.519714 0.000000 1301.743286 0.000000 0.554588 0.000000 0.832125 0.895583 0.895583 0.895583
890.970093 0.000000 1311.655396 0.000000 0.032179 0.000000 -0.999482 0.910371 0.910371 0.910371
866.403503 0.000000 1310.531250 0.000000 0.179294 0.000000 0.983796 0.887502 0.887502 0.887502
878.995911 0.000000 1303.404419 0.000000 0.928628 0.000000 -0.371011 0.905124 0.905124 0.905124
883.977417 0.000000 1307.791016 0.000000 0.454417 0.000000 0.890789 0.880244 0.880244 0.880244
889.453247 0.000000 1320.108643 0.000000 0.920724 0.000000 0.390215 0.891894 0.891894 0.891894
864.594360 0.000000 1318.665771 0.000000 0.376230 0.000000 -0.926526 0.915976 0.915976 0.915976
876.020203 0.000000 1326.954224 0.000000 0.997165 0.000000 -0.075249 0.900677 0.900677 0.900677
864.519714 0.000000 1333.735474 0.000000 0.987260 0.000000 -0.159114 0.902513 0.902513 0.902513
885.343262 0.000000 1333.532715 0.000000 0.075764 0.000000 -0.997126 0.906718 0.906718 0.906718
880.202148 0.000000 1311.709106 0.000000 0.949399 0.000000 0.314071 0.894257 0.894257 0.894257
866.403503 0.000000 1342.523438 0.000000 0.400689 0.000000 -0.916214 0.915618 0.915618 0.915618
871.097229 0.000000 1312.212280 0.000000 0.180710 0.000000 0.983536 0.890637 0.890637 0.890637
896.149597 0.000000 1325.895142 0.000000 0.725440 0.000000 -0.688286 0.910234 0.910234 0.910234
880.094299 0.000000 1319.887939 0.000000 0.920040 0.000000 -0.391824 0.909951 0.909951 0.909951
868.150574 0.000000 1325.825195 0.000000 0.796254 0.000000 -0.604962 0.908759 0.908759 0.908759
872.137939 0.000000 1333.762329 0.000000 0.144152 0.000000 0.989555 0.883978 0.883978 0.883978
873.182373 0.000000 1319.570801 0.000000 0.310858 0.000000 0.950457 0.888723 0.888723 0.888723
886.569580 0.000000 1313.624023 0.000000 0.328100 0.000000 0.944643 0.877774 0.877774 0.877774
894.697021 0.000000 1320.746704 0.000000 0.226751 0.000000 0.973953 0.878892 0.878892 0.878892
884.730286 0.000000 1321.238403 0.000000 0.961396 0.000000 -0.275168 0.907516 0.907516 0.907516
882.581482 0.000000 1315.880981 0.000000 0.629055 0.000000 -0.777361 0.920008 0.920008 0.920008
900.586548 0.000000 1318.665771 0.000000 0.232654 0.000000 0.972560 0.896998 0.896998 0.896998
921.335449 0.000000 1333.532715 0.000000 0.320016 0.000000 -0.947412 0.922380 0.922380 0.922380
926.962280 0.000000 1343.647583 0.000000 0.059564 0.000000 0.998224 0.872836 0.872836 0.872836
919.969604 0.000000 1339.783203 0.000000 0.984727 0.000000 -0.174105 0.901966 0.901966 0.901966
926.349976 0.000000 1337.419922 0.000000 0.967293 0.000000 0.253661 0.896542 0.896542 0.896542
875.604736 0.000000 1373.195068 0.000000 0.882917 0.000000 0.469528 0.894509 0.894509 0.894509
864.594360 0.000000 1350.657959 0.000000 0.836609 0.000000 0.547801 0.893487 0.893487 0.893487
876.020203 0.000000 1358.946411 0.000000 0.703597 0.000000 0.710599 0.887569 0.887569 0.887569
864.519714 0.000000 1365.727661 0.000000 0.559592 0.000000 -0.828768 0.904390 0.904390 0.904390
885.343262 0.000000 1365.524902 0.000000 0.993538 0.000000 -0.113497 0.900767 0.900767 0.900767
880.202148 0.000000 1343.701294 0.000000 0.999957 0.000000 -0.009239 0.900062 0.900062 0.900062
890.970093 0.000000 1375.639771 0.000000 0.569517 0.000000 0.821980 0.895664 0.895664 0.895664
871.097229 0.000000 1344.204468 0.000000 0.983753 0.000000 -0.179526 0.902028 0.902028 0.902028
868.150574 0.000000 1357.817383 0.000000 0.962031 0.000000 -0.272941 0.902485 0.902485 0.902485
873.182373 0.000000 1351.562988 0.000000 0.998864 0.000000 0.047656 0.899572 0.899572 0.899572
878.995911 0.000000 1367.388794 0.000000 0.858824 0.000000 0.512271 0.891541 0.891541 0.891541
890.626831 0.000000 1361.659912 0.000000 0.218315 0.000000 -0.975878 0.924279 0.924279 0.924279
883.977417 0.000000 1371.775391 0.000000 0.680862 0.000000 0.732411 0.890767 0.890767 0.890767
864.143860 0.000000 1345.331299 0.000000 0.580216 0.000000 -0.814463 0.912832 0.912832 0.912832
911.596924 0.000000 1373.195068 0.000000 0.066179 0.000000 0.997808 0.893239 0.893239 0.893239
932.794983 0.000000 1366.593506 0.000000 0.999095 0.000000 0.042544 0.899904 0.899904 0.899904
900.511902 0.000000 1365.727661 0.000000 0.981545 0.000000 0.191229 0.898271 0.898271 0.898271
932.141785 0.000000 1357.887329 0.000000 0.990850 0.000000 -0.134965 0.901825 0.901825 0.901825
933.001892 0.000000 1347.851807 0.000000 0.946824 0.000000 0.321753 0.894112 0.894112 0.894112
908.130127 0.000000 1365.754517 0.000000 0.905609 0.000000 -0.424114 0.904920 0.904920 0.904920
928.038696 0.000000 1345.603882 0.000000 0.529228 0.000000 -0.848480 0.918211 0.918211 0.918211
904.276306 0.000000 1362.912964 0.000000 0.952006 0.000000 -0.306079 0.905592 0.905592 0.905592
889.453247 0.000000 1384.093018 0.000000 0.996511 0.000000 0.083460 0.898874 0.898874 0.898874
896.802795 0.000000 1398.585693 0.000000 0.814724 0.000000 -0.579849 0.905559 0.905559 0.905559
880.202148 0.000000 1375.693481 0.000000 0.766940 0.000000 -0.641718 0.912524 0.912524 0.912524
890.970093 0.000000 1407.631958 0.000000 0.618023 0.000000 0.786160 0.883740 0.883740 0.883740
896.149597 0.000000 1389.879517 0.000000 0.827269 0.000000 0.561806 0.893298 0.893298 0.893298
897.009705 0.000000 1379.843994 0.000000 0.191485 0.000000 -0.981496 0.912386 0.912386 0.912386
880.094299 0.000000 1383.872314 0.000000 0.211269 0.000000 0.977428 0.887796 0.887796 0.887796
886.569580 0.000000 1377.608398 0.000000 0.939825 0.000000 -0.341656 0.904701 0.904701 0.904701
897.007935 0.000000 1405.030396 0.000000 0.471565 0.000000 0.881831 0.880592 0.880592 0.880592
894.697021 0.000000 1384.731079 0.000000 0.278549 0.000000 0.960422 0.876839 0.876839 0.876839
911.596924 0.000000 1405.187256 0.000000 0.759644 0.000000 -0.650339 0.906363 0.906363 0.906363
900.586548 0.000000 1382.650146 0.000000 0.936159 0.000000 0.351576 0.896771 0.896771 0.896771
902.395691 0.000000 1406.507812 0.000000 0.075351 0.000000 0.997157 0.863041 0.863041 0.863041
907.089417 0.000000 1376.196655 0.000000 0.889244 0.000000 0.457433 0.893595 0.893595 0.893595
909.174561 0.000000 1383.555176 0.000000 0.184553 0.000000 -0.982823 0.918674 0.918674 0.918674
906.538513 0.000000 1403.003052 0.000000 0.462511 0.000000 -0.886613 0.914694 0.914694 0.914694
911.638977 0.000000 1378.863281 0.000000 0.661485 0.000000 0.749959 0.886662 0.886662 0.886662
900.107300 0.000000 1402.477295 0.000000 0.995776 0.000000 0.091814 0.898141 0.898141 0.898141
947.589111 0.000000 1373.195068 0.000000 0.485513 0.000000 -0.874229 0.904781 0.904781 0.904781
936.578735 0.000000 1350.657959 0.000000 0.600709 0.000000 -0.799468 0.912489 0.912489 0.912489
936.504089 0.000000 1365.727661 0.000000 0.801693 0.000000 -0.597737 0.908637 0.908637 0.908637
938.387878 0.000000 1374.515625 0.000000 0.934513 0.000000 -0.355930 0.902453 0.902453 0.902453
940.134949 0.000000 1357.817383 0.000000 0.411284 0.000000 0.911507 0.884538 0.884538 0.884538
944.122314 0.000000 1365.754517 0.000000 0.799558 0.000000 -0.600589 0.907238 0.907238 0.907238
942.530701 0.000000 1371.010864 0.000000 0.072641 0.000000 0.997358 0.873072 0.873072 0.873072
940.268494 0.000000 1362.912964 0.000000 0.581586 0.000000 -0.813485 0.917078 0.917078 0.917078
864.594360 0.000000 1414.642334 0.000000 0.876720 0.000000 0.481000 0.896618 0.896618 0.896618
896.802795 0.000000 1430.577881 0.000000 0.846076 0.000000 -0.533062 0.905053 0.905053 0.905053
880.202148 0.000000 1407.685669 0.000000 0.791970 0.000000 -0.610560 0.905903 0.905903 0.905903
896.149597 0.000000 1421.871704 0.000000 0.800379 0.000000 0.599494 0.888444 0.888444 0.888444
897.009705 0.000000 1411.836182 0.000000 0.941397 0.000000 0.337302 0.897681 0.897681 0.897681
868.150574 0.000000 1421.801758 0.000000 0.976951 0.000000 -0.213465 0.902900 0.902900 0.902900
886.569580 0.000000 1409.600586 0.000000 0.999981 0.000000 -0.006186 0.900097 0.900097 0.900097
899.614319 0.000000 1425.084229 0.000000 0.266119 0.000000 -0.963940 0.935090 0.935090 0.935090
911.596924 0.000000 1437.179443 0.000000 0.776456 0.000000 0.630172 0.893872 0.893872 0.893872
925.445435 0.000000 1416.085205 0.000000 0.649254 0.000000 -0.760572 0.907767 0.907767 0.907767
900.586548 0.000000 1414.642334 0.000000 0.994981 0.000000 -0.100063 0.901126 0.901126 0.901126
912.012390 0.000000 1422.930786 0.000000 0.011583 0.000000 -0.999933 0.924524 0.924524 0.924524
900.511902 0.000000 1429.712036 0.000000 0.041602 0.000000 0.999134 0.872513 0.872513 0.872513
921.335449 0.000000 1429.509277 0.000000 0.974460 0.000000 0.224561 0.897455 0.897455 0.897455
916.194336 0.000000 1407.685669 0.000000 0.047225 0.000000 0.998884 0.886307 0.886307 0.886307
907.089417 0.000000 1408.188843 0.000000 0.842137 0.000000 0.539263 0.888482 0.888482 0.888482
916.086487 0.000000 1415.864502 0.000000 0.510163 0.000000 -0.860078 0.918612 0.918612 0.918612
904.142761 0.000000 1421.801758 0.000000 0.176767 0.000000 -0.984253 0.925041 0.925041 0.925041
908.130127 0.000000 1429.738892 0.000000 0.470514 0.000000 0.882393 0.878141 0.878141 0.878141
919.900513 0.000000 1422.237793 0.000000 0.694294 0.000000 0.719692 0.883754 0.883754 0.883754
909.174561 0.000000 1415.547363 0.000000 0.395427 0.000000 -0.918498 0.923544 0.923544 0.923544
914.988098 0.000000 1431.373169 0.000000 0.680624 0.000000 0.732633 0.890763 0.890763 0.890763
900.136047 0.000000 1409.315674 0.000000 0.582154 0.000000 0.813078 0.880801 0.880801 0.880801
911.638977 0.000000 1410.855469 0.000000 0.517442 0.000000 -0.855718 0.918459 0.918459 0.918459
904.276306 0.000000 1426.897339 0.000000 0.079542 0.000000 0.996832 0.873196 0.873196 0.873196
915.779846 0.000000 1420.177856 0.000000 0.023521 0.000000 -0.999723 0.931289 0.931289 0.931289
899.831360 0.000000 1425.525269 0.000000 0.485995 0.000000 0.873962 0.871331 0.871331 0.871331
889.453247 0.000000 1448.077393 0.000000 0.308250 0.000000 0.951306 0.883048 0.883048 0.883048
876.020203 0.000000 1454.922974 0.000000 0.341504 0.000000 0.939880 0.883522 0.883522 0.883522
864.519714 0.000000 1461.704224 0.000000 0.987155 0.000000 0.159762 0.897476 0.897476 0.897476
896.149597 0.000000 1453.863892 0.000000 0.635865 0.000000 -0.771800 0.913867 0.913867 0.913867
868.150574 0.000000 1453.793945 0.000000 0.964861 0.000000 -0.262762 0.902987 0.902987 0.902987
872.137939 0.000000 1461.731079 0.000000 0.447888 0.000000 0.894090 0.887570 0.887570 0.887570
873.182373 0.000000 1447.539551 0.000000 0.864061 0.000000 -0.503388 0.905926 0.905926 0.905926
894.697021 0.000000 1448.715454 0.000000 0.497631 0.000000 0.867389 0.883486 0.883486 0.883486
891.498230 0.000000 1452.496948 0.000000 0.711356 0.000000 -0.702831 0.914009 0.914009 0.914009
868.284119 0.000000 1458.889526 0.000000 0.346256 0.000000 -0.938140 0.921880 0.921880 0.921880
900.586548 0.000000 1446.634521 0.000000 0.999144 0.000000 0.041360 0.899349 0.899349 0.899349
907.089417 0.000000 1440.181030 0.000000 0.998712 0.000000 -0.050736 0.900570 0.900570 0.900570
904.142761 0.000000 1453.793945 0.000000 0.239059 0.000000 -0.971005 0.911948 0.911948 0.911948
909.174561 0.000000 1447.539551 0.000000 0.130544 0.000000 0.991442 0.880588 0.880588 0.880588
904.882385 0.000000 1444.710327 0.000000 0.223198 0.000000 -0.974773 0.924189 0.924189 0.924189
"}
