object={
	name="tree_leaf_high_generator_1_0"
	clamp_to_water_level=no
	render_under_water=no
	generated_content=yes
	layer="tree_high_layer"
	pdxmesh="tree_leaf_01_a_mesh"
	count=138
	transform="994.564880 0.000000 1631.150635 0.000000 0.721838 0.000000 0.692062 0.706879 0.706879 0.706879
990.270752 0.000000 1629.153564 0.000000 0.417636 0.000000 -0.908615 1.148344 1.148344 1.148344
989.161255 0.000000 1630.845703 0.000000 0.857999 0.000000 -0.513651 0.902351 0.902351 0.902351
986.167297 0.000000 1628.471924 0.000000 0.612220 0.000000 0.790688 0.579617 0.579617 0.579617
990.210999 0.000000 1626.743652 0.000000 0.143450 0.000000 0.989658 0.466578 0.466578 0.466578
987.098694 0.000000 1625.225952 0.000000 0.330524 0.000000 -0.943798 1.058769 1.058769 1.058769
972.496277 0.000000 1653.657349 0.000000 0.970564 0.000000 0.240843 0.798543 0.798543 0.798543
984.244263 0.000000 1642.041138 0.000000 0.411284 0.000000 -0.911507 0.877884 0.877884 0.877884
984.695618 0.000000 1656.119141 0.000000 0.865696 0.000000 0.500570 0.718329 0.718329 0.718329
972.653259 0.000000 1660.781128 0.000000 0.378588 0.000000 -0.925565 0.984219 0.984219 0.984219
976.769165 0.000000 1657.706299 0.000000 0.792944 0.000000 -0.609295 0.926928 0.926928 0.926928
980.458801 0.000000 1657.787476 0.000000 0.951185 0.000000 0.308621 0.707887 0.707887 0.707887
983.195435 0.000000 1640.223633 0.000000 0.825990 0.000000 0.563685 0.689965 0.689965 0.689965
983.629700 0.000000 1659.036011 0.000000 0.714917 0.000000 0.699209 0.654634 0.654634 0.654634
977.207092 0.000000 1663.365723 0.000000 0.055009 0.000000 0.998486 0.391310 0.391310 0.391310
974.988281 0.000000 1660.913330 0.000000 0.471849 0.000000 -0.881679 1.078103 1.078103 1.078103
1016.106689 0.000000 1589.699829 0.000000 0.898647 0.000000 0.438673 0.790930 0.790930 0.790930
1043.583008 0.000000 1585.045166 0.000000 0.968442 0.000000 -0.249238 0.809559 0.809559 0.809559
1028.698975 0.000000 1577.175903 0.000000 0.890310 0.000000 0.455356 0.785836 0.785836 0.785836
1039.232422 0.000000 1586.305298 0.000000 0.982991 0.000000 -0.183655 0.808854 0.808854 0.808854
1023.756409 0.000000 1580.138794 0.000000 0.431699 0.000000 0.902018 0.741611 0.741611 0.741611
1052.098877 0.000000 1589.699829 0.000000 0.791012 0.000000 -0.611800 0.810519 0.810519 0.810519
1063.869263 0.000000 1582.198730 0.000000 0.691994 0.000000 0.721903 0.787113 0.787113 0.787113
1048.245117 0.000000 1586.858276 0.000000 0.564276 0.000000 -0.825586 0.838796 0.838796 0.838796
1063.735596 0.000000 1585.920898 0.000000 0.970264 0.000000 0.242048 0.785840 0.785840 0.785840
1058.346680 0.000000 1588.535645 0.000000 0.702941 0.000000 0.711248 0.716241 0.716241 0.716241
1057.404175 0.000000 1585.178467 0.000000 0.281389 0.000000 0.959594 0.661352 0.661352 0.661352
1027.946167 0.000000 1627.712891 0.000000 0.965180 0.000000 0.261587 0.793657 0.793657 0.793657
1064.691162 0.000000 1609.168091 0.000000 0.997720 0.000000 0.067482 0.797437 0.797437 0.797437
1062.542358 0.000000 1603.810669 0.000000 0.132083 0.000000 0.991239 0.745419 0.745419 0.745419
1052.190796 0.000000 1611.848633 0.000000 0.824009 0.000000 -0.566576 0.824061 0.824061 0.824061
1062.888916 0.000000 1606.801636 0.000000 0.410264 0.000000 -0.911967 0.914647 0.914647 0.914647
1074.354370 0.000000 1611.501831 0.000000 0.999166 0.000000 0.040842 0.796328 0.796328 0.796328
1067.923340 0.000000 1660.662720 0.000000 0.940171 0.000000 0.340703 0.779169 0.779169 0.779169
1069.359863 0.000000 1635.679688 0.000000 0.140757 0.000000 0.990044 0.694358 0.694358 0.694358
1063.749634 0.000000 1663.051758 0.000000 0.990957 0.000000 -0.134183 0.810215 0.810215 0.810215
988.024109 0.000000 1682.194824 0.000000 0.871182 0.000000 -0.490959 0.814349 0.814349 0.814349
982.519287 0.000000 1689.262451 0.000000 0.839958 0.000000 -0.542652 0.830931 0.830931 0.830931
1000.398804 0.000000 1669.468628 0.000000 0.988825 0.000000 -0.149083 0.810759 0.810759 0.810759
991.751282 0.000000 1681.897461 0.000000 0.568860 0.000000 0.822434 0.742139 0.742139 0.742139
973.973877 0.000000 1667.889648 0.000000 0.686467 0.000000 0.727161 0.726825 0.726825 0.726825
987.090942 0.000000 1669.477295 0.000000 0.812918 0.000000 -0.582378 0.878220 0.878220 0.878220
986.451599 0.000000 1678.281616 0.000000 0.977645 0.000000 -0.210264 0.832579 0.832579 0.832579
993.011169 0.000000 1667.490356 0.000000 0.643972 0.000000 -0.765049 0.911349 0.911349 0.911349
985.253723 0.000000 1676.251465 0.000000 0.045263 0.000000 -0.998975 1.068120 1.068120 1.068120
982.763367 0.000000 1669.045166 0.000000 0.997962 0.000000 0.063818 0.788521 0.788521 0.788521
983.195435 0.000000 1672.215820 0.000000 0.570732 0.000000 -0.821136 1.005883 1.005883 1.005883
989.904175 0.000000 1677.219482 0.000000 0.649742 0.000000 0.760155 0.649950 0.649950 0.649950
985.419373 0.000000 1668.262329 0.000000 0.784233 0.000000 -0.620466 0.935019 0.935019 0.935019
999.503662 0.000000 1667.517822 0.000000 0.629743 0.000000 0.776803 0.632991 0.632991 0.632991
985.565735 0.000000 1672.270386 0.000000 0.999875 0.000000 -0.015810 0.805116 0.805116 0.805116
995.327515 0.000000 1667.618896 0.000000 0.236222 0.000000 -0.971699 1.161891 1.161891 1.161891
973.378174 0.000000 1663.657715 0.000000 0.909783 0.000000 0.415084 0.717076 0.717076 0.717076
974.053467 0.000000 1665.668457 0.000000 0.990351 0.000000 -0.138580 0.844705 0.844705 0.844705
990.210999 0.000000 1690.728027 0.000000 0.370697 0.000000 0.928754 0.569258 0.569258 0.569258
977.282593 0.000000 1664.762695 0.000000 0.995106 0.000000 0.098809 0.768176 0.768176 0.768176
996.317383 0.000000 1668.886230 0.000000 0.015065 0.000000 0.999887 0.340140 0.340140 0.340140
982.650391 0.000000 1670.719360 0.000000 0.164055 0.000000 0.986451 0.432138 0.432138 0.432138
1006.540222 0.000000 1707.372925 0.000000 0.792958 0.000000 -0.609276 0.845797 0.845797 0.845797
990.804565 0.000000 1707.319214 0.000000 0.999518 0.000000 -0.031045 0.802419 0.802419 0.802419
993.358154 0.000000 1707.681030 0.000000 0.395301 0.000000 0.918552 0.651162 0.651162 0.651162
1006.091064 0.000000 1701.745850 0.000000 0.984601 0.000000 -0.174817 0.828427 0.828427 0.828427
999.423889 0.000000 1703.467163 0.000000 0.398963 0.000000 -0.916967 1.038715 1.038715 1.038715
989.161255 0.000000 1726.822266 0.000000 0.467937 0.000000 -0.883762 1.018634 1.018634 1.018634
1001.519775 0.000000 1703.036377 0.000000 0.431555 0.000000 -0.902086 1.143646 1.143646 1.143646
1004.338440 0.000000 1703.650146 0.000000 0.671629 0.000000 0.740887 0.546696 0.546696 0.546696
1006.225891 0.000000 1753.597778 0.000000 0.980493 0.000000 0.196556 0.784985 0.784985 0.784985
1002.369995 0.000000 1739.470581 0.000000 0.775134 0.000000 -0.631797 0.860097 0.860097 0.860097
1002.287537 0.000000 1731.391602 0.000000 0.128933 0.000000 0.991653 0.656049 0.656049 0.656049
996.598755 0.000000 1750.984619 0.000000 0.856269 0.000000 0.516531 0.726282 0.726282 0.726282
1004.976624 0.000000 1744.305908 0.000000 0.942295 0.000000 -0.334784 0.836136 0.836136 0.836136
987.090942 0.000000 1733.461670 0.000000 0.927354 0.000000 0.374186 0.757871 0.757871 0.757871
992.470825 0.000000 1751.774048 0.000000 0.505052 0.000000 0.863089 0.671050 0.671050 0.671050
990.000305 0.000000 1729.424194 0.000000 0.795499 0.000000 -0.605955 0.896210 0.896210 0.896210
1004.704468 0.000000 1737.850342 0.000000 0.974516 0.000000 -0.224318 0.840668 0.840668 0.840668
1006.662903 0.000000 1742.454956 0.000000 0.305358 0.000000 -0.952238 1.001399 1.001399 1.001399
989.236572 0.000000 1733.551025 0.000000 0.685482 0.000000 0.728089 0.656665 0.656665 0.656665
994.694702 0.000000 1750.795532 0.000000 0.997089 0.000000 -0.076242 0.814937 0.814937 0.814937
1012.252869 0.000000 1682.834839 0.000000 0.934195 0.000000 -0.356762 0.816029 0.816029 0.816029
1008.760071 0.000000 1678.244995 0.000000 0.999968 0.000000 -0.007987 0.800718 0.800718 0.800718
1010.723145 0.000000 1680.396484 0.000000 0.823889 0.000000 -0.566752 0.867393 0.867393 0.867393
1021.802185 0.000000 1694.576172 0.000000 0.797745 0.000000 0.602995 0.732779 0.732779 0.732779
1051.058228 0.000000 1664.126343 0.000000 0.390229 0.000000 0.920718 0.785980 0.785980 0.785980
1052.190796 0.000000 1675.833008 0.000000 0.989030 0.000000 0.147712 0.792301 0.792301 0.792301
1059.246460 0.000000 1666.973145 0.000000 0.875402 0.000000 0.483396 0.759693 0.759693 0.759693
1063.894775 0.000000 1663.605835 0.000000 0.104862 0.000000 0.994487 0.688758 0.688758 0.688758
1019.615540 0.000000 1698.785156 0.000000 0.828198 0.000000 -0.560435 0.819011 0.819011 0.819011
1015.890381 0.000000 1712.349609 0.000000 0.196033 0.000000 0.980597 0.725934 0.725934 0.725934
1018.511475 0.000000 1721.254639 0.000000 0.766530 0.000000 0.642208 0.765179 0.765179 0.765179
1018.004639 0.000000 1696.158936 0.000000 0.995468 0.000000 0.095096 0.791630 0.791630 0.791630
1021.802185 0.000000 1726.568359 0.000000 0.140506 0.000000 0.990080 0.642937 0.642937 0.642937
1012.761353 0.000000 1721.690674 0.000000 0.599139 0.000000 0.800645 0.636832 0.636832 0.636832
1016.450989 0.000000 1721.771851 0.000000 0.988723 0.000000 0.149758 0.777483 0.777483 0.777483
1017.759705 0.000000 1726.549194 0.000000 0.478626 0.000000 -0.878019 1.142473 1.142473 1.142473
1014.978760 0.000000 1724.700195 0.000000 0.972020 0.000000 -0.234900 0.871510 0.871510 0.871510
1019.506348 0.000000 1726.994873 0.000000 0.938713 0.000000 -0.344700 0.880830 0.880830 0.880830
1022.964661 0.000000 1751.295044 0.000000 0.846440 0.000000 0.532484 0.786542 0.786542 0.786542
1014.515076 0.000000 1754.917114 0.000000 0.335848 0.000000 -0.941916 0.826985 0.826985 0.826985
1016.198608 0.000000 1739.817383 0.000000 0.963708 0.000000 -0.266957 0.814033 0.814033 0.814033
1037.143921 0.000000 1756.095703 0.000000 0.517265 0.000000 -0.855825 0.863595 0.863595 0.863595
1030.317383 0.000000 1733.497070 0.000000 0.158785 0.000000 0.987313 0.715437 0.715437 0.715437
1021.796875 0.000000 1754.515259 0.000000 0.566623 0.000000 -0.823977 0.877365 0.877365 0.877365
1027.757446 0.000000 1759.028320 0.000000 0.678189 0.000000 0.734888 0.727456 0.727456 0.727456
1037.066895 0.000000 1743.284180 0.000000 0.760037 0.000000 -0.649879 0.852277 0.852277 0.852277
1008.760071 0.000000 1742.229370 0.000000 0.693002 0.000000 0.720935 0.737285 0.737285 0.737285
1014.305725 0.000000 1730.509644 0.000000 0.062810 0.000000 -0.998025 0.989739 0.989739 0.989739
1009.483948 0.000000 1752.273193 0.000000 0.104781 0.000000 0.994495 0.565792 0.565792 0.565792
1011.045105 0.000000 1749.202759 0.000000 0.987797 0.000000 -0.155747 0.820614 0.820614 0.820614
1022.772095 0.000000 1737.856079 0.000000 0.109424 0.000000 -0.993995 1.287351 1.287351 1.287351
1029.888672 0.000000 1743.507568 0.000000 0.905334 0.000000 -0.424701 0.873589 0.873589 0.873589
1025.864502 0.000000 1737.227051 0.000000 0.959966 0.000000 -0.280116 0.907172 0.907172 0.907172
1016.497437 0.000000 1729.920044 0.000000 0.469951 0.000000 0.882692 0.452218 0.452218 0.452218
1034.107056 0.000000 1738.726318 0.000000 0.197038 0.000000 0.980396 0.525887 0.525887 0.525887
1021.496826 0.000000 1729.719604 0.000000 0.211869 0.000000 0.977298 0.553311 0.553311 0.553311
1019.187622 0.000000 1736.200195 0.000000 0.862041 0.000000 0.506839 0.690659 0.690659 0.690659
1025.896362 0.000000 1741.203857 0.000000 0.749041 0.000000 0.662523 0.640900 0.640900 0.640900
1040.291016 0.000000 1752.519409 0.000000 0.329415 0.000000 0.944185 0.560719 0.560719 0.560719
1021.411560 0.000000 1732.246704 0.000000 0.443988 0.000000 -0.896033 1.166042 1.166042 1.166042
1021.557922 0.000000 1736.254761 0.000000 0.798980 0.000000 -0.601357 0.998447 0.998447 0.998447
1028.851074 0.000000 1735.140381 0.000000 0.738346 0.000000 -0.674423 0.968529 0.968529 0.968529
1022.159485 0.000000 1756.440674 0.000000 0.877178 0.000000 -0.480165 0.898030 0.898030 0.898030
1030.263428 0.000000 1738.098267 0.000000 0.764744 0.000000 0.644335 0.653171 0.653171 0.653171
1024.879272 0.000000 1738.767822 0.000000 0.459775 0.000000 -0.888035 1.129647 1.129647 1.129647
1019.599976 0.000000 1728.964355 0.000000 0.229835 0.000000 -0.973230 1.222504 1.222504 1.222504
1017.859558 0.000000 1731.056885 0.000000 0.928489 0.000000 -0.371359 0.901826 0.901826 0.901826
1022.630737 0.000000 1735.033691 0.000000 0.125104 0.000000 0.992144 0.271727 0.271727 0.271727
1018.642578 0.000000 1734.703735 0.000000 0.930528 0.000000 0.366221 0.695160 0.695160 0.695160
1027.263672 0.000000 1736.363037 0.000000 0.906266 0.000000 -0.422707 0.959513 0.959513 0.959513
1025.611572 0.000000 1735.637085 0.000000 0.771995 0.000000 -0.635628 1.036628 1.036628 1.036628
1050.726440 0.000000 1742.047974 0.000000 0.938427 0.000000 -0.345477 0.840158 0.840158 0.840158
1049.219360 0.000000 1744.159668 0.000000 0.997043 0.000000 -0.076847 0.809833 0.809833 0.809833
1043.887939 0.000000 1751.382202 0.000000 0.678182 0.000000 -0.734894 0.983010 0.983010 0.983010
1044.882324 0.000000 1743.999390 0.000000 0.999573 0.000000 0.029218 0.792938 0.792938 0.792938
1046.491943 0.000000 1742.550171 0.000000 0.132864 0.000000 -0.991134 1.147404 1.147404 1.147404
1027.902588 0.000000 1759.582397 0.000000 0.842076 0.000000 0.539358 0.749938 0.749938 0.749938
1018.004639 0.000000 1760.143311 0.000000 0.780268 0.000000 -0.625445 0.866127 0.866127 0.866127
1025.992432 0.000000 1761.416382 0.000000 0.685212 0.000000 0.728344 0.692450 0.692450 0.692450
1021.496826 0.000000 1761.711792 0.000000 0.229613 0.000000 -0.973282 1.021986 1.021986 1.021986
"}
