object={
	name="waterfall"
	clamp_to_water_level=no
	render_under_water=no
	generated_content=no
	layer="env_effect_layer"
	entity="waterfall"
	count=14
	transform="2941.466553 0.099121 2822.305908 0.000000 -0.292408 0.000000 -0.956294 0.995682 0.995682 0.995682
2945.818848 0.099121 2818.649414 0.000000 -0.292408 0.000000 -0.956294 0.995682 0.995682 0.995682
2874.649902 2.125488 2845.332275 0.000000 -0.477067 0.000000 0.878867 2.116187 2.116187 2.116187
2935.991455 2.139648 2713.919434 0.000000 0.752988 0.000000 -0.658034 1.444734 1.444734 1.444734
2934.307373 -0.325195 2713.501709 0.000000 0.752988 0.000000 -0.658034 1.444734 1.444734 1.444734
2916.307617 1.495361 2708.483154 0.000000 0.752988 0.000000 -0.658034 0.927179 0.927179 0.927179
2912.963623 2.125488 2715.947266 0.000000 0.752988 0.000000 -0.658034 0.927179 0.927179 0.927179
2862.582275 2.125488 2835.392822 0.000000 0.000000 0.000000 1.000000 2.116187 2.116187 2.116187
2775.489502 0.905518 2866.197998 0.000000 -0.574848 0.000000 -0.818261 1.605938 1.605938 1.605938
2804.399902 0.564697 2867.970947 0.000000 -0.574848 0.000000 -0.818261 1.038789 1.038789 1.038789
2782.218994 4.257812 2804.171875 0.000000 -0.715510 0.000000 -0.698602 2.116187 2.116187 2.116187
2782.218994 1.633057 2804.171875 0.000000 -0.715510 0.000000 -0.698602 2.116187 2.116187 2.116187
2827.358398 3.619629 2828.588623 0.000000 0.000000 0.000000 1.000000 2.116187 2.116187 2.116187
2827.358398 3.619629 2828.588623 0.000000 0.000000 0.000000 1.000000 2.116187 2.116187 2.116187
"}
object={
	name="waterfall_bottom"
	clamp_to_water_level=yes
	render_under_water=no
	generated_content=no
	layer="env_effect_layer"
	entity="waterfall_bottom"
	count=9
	transform="2876.548584 0.719238 2843.759521 0.000000 -0.477067 0.000000 0.878867 1.000000 1.000000 1.000000
2939.026367 0.204346 2713.489258 0.000000 0.752988 0.000000 -0.658034 0.810740 0.810740 0.810740
2917.383057 0.089111 2708.455322 0.000000 0.752988 0.000000 -0.658034 0.438137 0.438137 0.438137
2914.039062 0.719238 2715.919434 0.000000 0.752988 0.000000 -0.658034 0.438137 0.438137 0.438137
2862.210938 0.719238 2832.698242 0.000000 0.000000 0.000000 1.000000 1.000000 1.000000 1.000000
2779.300537 0.226807 2804.294189 0.000000 -0.715510 0.000000 -0.698602 1.000000 1.000000 1.000000
2779.300537 0.226807 2804.294189 0.000000 -0.715510 0.000000 -0.698602 1.000000 1.000000 1.000000
2826.987061 2.213379 2825.894043 0.000000 0.000000 0.000000 1.000000 1.000000 1.000000 1.000000
2826.987061 2.213379 2825.894043 0.000000 0.000000 0.000000 1.000000 1.000000 1.000000 1.000000
"}
