object={
	name="lakes"
	clamp_to_water_level=no
	render_under_water=no
	generated_content=no
	layer="lake_layer"
	pdxmesh="lake_mesh"
	count=12
	transform="2971.631348 3.720215 2886.488037 0.000000 -0.980774 0.000000 0.195146 36.639996 36.639996 36.639996
2780.018066 -3.323242 2866.095215 0.000000 0.075103 -0.000000 -0.997176 58.799858 58.799858 58.799858
2833.526367 1.648193 2893.575684 0.000000 -0.763518 0.000000 0.645786 58.799858 58.799858 58.799858
2936.969482 -5.546631 2809.362305 0.000000 -0.937602 0.000000 0.347711 43.497982 43.497982 43.497982
2866.566650 -3.716064 2825.695801 0.000000 0.000000 0.000000 1.000000 80.508537 80.508537 80.508537
2973.420898 -1.937744 2856.177734 0.000000 -0.361184 0.000000 0.932495 44.324009 44.324009 44.324009
2904.764404 0.426270 2711.155029 0.000000 -0.817573 0.000000 0.575825 12.897635 12.897635 12.897635
2894.142090 -1.093994 2732.816650 0.000000 -0.718983 0.000000 0.695028 21.944302 21.944302 21.944302
2895.929199 1.425537 2747.893799 0.000000 -0.463466 0.000000 0.886115 21.944302 21.944302 21.944302
2905.519043 2.608398 2768.401855 0.000000 -0.463466 0.000000 0.886115 21.944302 21.944302 21.944302
2917.248047 -1.155273 2712.968506 0.000000 -0.066692 0.000000 0.997774 14.221900 14.221900 14.221900
2792.251709 0.126953 2865.335938 0.000000 0.000000 0.000000 1.000000 13.068166 13.068166 13.068166
"}
